ohw6ne,32.0,42.0,26.0
8frkit,22.0,51.0,27.0
gjmve5,31.0,41.0,28.000000000000004
m3kekz,40.86021505376344,37.634408602150536,21.50537634408602
unh54i,30.0,33.0,37.0
c3pzdy,21.428571428571427,42.857142857142854,35.714285714285715
hto9w8,31.428571428571427,37.142857142857146,31.428571428571427
for33v,33.33333333333333,44.44444444444444,22.22222222222222
hp7jhn,28.28282828282828,40.4040404040404,31.313131313131315
p74pde,18.0,56.00000000000001,26.0
jmj1i9,16.483516483516482,46.15384615384615,37.362637362637365
myzouw,31.0,39.0,30.0
s7teo6,18.421052631578945,53.94736842105263,27.631578947368425
lgfzhv,36.0,44.0,20.0
jgl764,27.77777777777778,22.22222222222222,50.0
mrem8d,20.0,48.0,32.0
gp14mb,29.347826086956523,45.65217391304348,25.0
tcu8cf,22.857142857142858,55.714285714285715,21.428571428571427
eohn1v,26.08695652173913,43.47826086956522,30.434782608695656
uo25or,37.0,40.0,23.0
oqchll,18.51851851851852,55.55555555555556,25.925925925925924
lkeoh9,27.27272727272727,45.45454545454545,27.27272727272727
il81tj,31.0,37.0,32.0
9vl2sz,52.94117647058824,41.17647058823529,5.88235294117647
nc5ueo,36.17021276595745,34.04255319148936,29.78723404255319
j5143e,29.09090909090909,47.27272727272727,23.636363636363637
5qbcff,28.28282828282828,56.56565656565656,15.151515151515152
hhxzuw,33.33333333333333,54.761904761904766,11.904761904761903
c6w2lv,17.708333333333336,46.875,35.41666666666667
bzqsw0,28.000000000000004,47.0,25.0
eur0br,25.0,37.0,38.0
n1zgtc,21.428571428571427,47.61904761904761,30.952380952380953
lvcy9b,16.666666666666664,43.58974358974359,39.743589743589745
mmu0b3,18.0,47.0,35.0
f36e27,17.0,34.0,49.0
l1w1hq,18.0,49.0,33.0
q2qp83,28.000000000000004,40.0,32.0
9pojpy,33.82352941176471,42.64705882352941,23.52941176470588
cuxmze,17.0,45.0,38.0
fjluzn,27.450980392156865,60.78431372549019,11.76470588235294
ft15h1,39.0,36.0,25.0
8rana5,22.0,52.0,26.0
ex7tfn,17.0,57.99999999999999,25.0
cvu2ig,21.794871794871796,32.05128205128205,46.15384615384615
iq2wm1,24.0,36.0,40.0
rzl5oa,34.0,44.0,22.0
9c63fh,18.6046511627907,48.837209302325576,32.55813953488372
tgg1fs,48.97959183673469,22.448979591836736,28.57142857142857
e1bdk0,28.000000000000004,30.0,42.0
dlfq97,24.65753424657534,53.42465753424658,21.91780821917808
8z2cpy,23.0,46.0,31.0
mf2wxj,46.0,41.0,13.0
hemjbs,28.333333333333332,45.0,26.666666666666668
tr0o4d,43.0,34.0,23.0
e7u78b,26.0,47.0,27.0
onh9u0,29.545454545454547,40.909090909090914,29.545454545454547
j0ekzu,26.47058823529412,44.11764705882353,29.411764705882355
n6t7p9,33.0,32.0,35.0
nbbvdo,20.0,75.0,5.0
scwdhk,28.000000000000004,47.0,25.0
cm7f0u,19.0,49.0,32.0
u75z6b,23.809523809523807,31.746031746031743,44.44444444444444
rbkr9q,28.000000000000004,31.0,41.0
e2p3vy,20.0,41.0,39.0
kbbnt5,34.0,40.0,26.0
iqs1vd,26.47058823529412,45.588235294117645,27.941176470588236
edn5mz,19.387755102040817,56.12244897959183,24.489795918367346
oa6av1,20.754716981132077,24.528301886792452,54.71698113207547
nurzss,33.0,39.0,28.000000000000004
pfc381,32.0,22.0,46.0
kj8wla,15.384615384615385,46.15384615384615,38.46153846153847
hpumd4,25.64102564102564,35.8974358974359,38.46153846153847
gtvijx,33.0,32.0,35.0
ks96ac,22.22222222222222,36.36363636363637,41.41414141414141
gm3ke2,24.0,52.0,24.0
kvlp5j,30.0,35.0,35.0
sfi9ac,20.0,55.00000000000001,25.0
fg2jaq,18.64406779661017,49.152542372881356,32.20338983050847
jwa0w1,23.0,55.00000000000001,22.0
o7o5sq,36.0,37.0,27.0
og205s,35.0,41.0,24.0
mny1at,28.125,40.625,31.25
pxebnk,12.0,24.0,64.0
fe6ao5,28.999999999999996,32.0,39.0
iy5nnu,31.0,52.0,17.0
kpdtwg,25.0,43.0,32.0
ldx4fb,57.14285714285714,0,42.857142857142854
ngq493,44.827586206896555,36.7816091954023,18.39080459770115
hrg7ub,16.455696202531644,58.22784810126582,25.31645569620253
gpo5aj,27.0,34.0,39.0
o9jp9q,27.0,37.0,36.0
mcie84,43.24324324324324,35.13513513513514,21.62162162162162
mby13c,22.916666666666664,47.91666666666667,29.166666666666668
ephqh5,27.0,36.0,37.0
ceu6vl,16.0,36.0,48.0
70mu02,13.793103448275861,41.37931034482759,44.827586206896555
qpssc0,37.0,27.0,36.0
j20ko3,28.000000000000004,56.00000000000001,16.0
bcsjyu,23.18840579710145,43.47826086956522,33.33333333333333
l6p7jt,31.32530120481928,46.98795180722892,21.686746987951807
hahhia,28.000000000000004,45.0,27.0
a8drme,25.0,48.0,27.0
k3wlm9,13.23529411764706,55.88235294117647,30.88235294117647
bgfujf,25.0,48.0,27.0
m7tfos,22.0,42.0,36.0
bbz7vo,18.6046511627907,44.18604651162791,37.2093023255814
isbmf7,36.45833333333333,43.75,19.791666666666664
b8iic4,24.390243902439025,42.68292682926829,32.926829268292686
k0f1zx,27.0,36.0,37.0
f7ipyb,2.1739130434782608,83.69565217391305,14.130434782608695
il8ijd,22.0,51.0,27.0
at2dz0,26.31578947368421,52.63157894736842,21.052631578947366
krbhng,17.0,53.0,30.0
jc8pe4,41.333333333333336,40.0,18.666666666666668
duy67q,35.051546391752574,40.20618556701031,24.742268041237114
nn05gm,32.0,34.0,34.0
ee2yfz,20.0,46.0,34.0
jbp53a,26.785714285714285,33.92857142857143,39.285714285714285
mwqxf3,25.0,30.0,45.0
ecffb7,23.0,48.0,28.999999999999996
nll9a8,33.0,44.0,23.0
hdtuod,17.17171717171717,48.484848484848484,34.34343434343434
qznbj2,38.0,34.0,28.000000000000004
mevgzi,17.391304347826086,52.17391304347826,30.434782608695656
d9k07h,25.0,51.0,24.0
qrr2ix,25.0,50.0,25.0
ogx9je,15.0,35.0,50.0
pevnuq,28.999999999999996,30.0,41.0
n125k4,42.0,37.0,21.0
l0u01v,25.842696629213485,43.82022471910113,30.337078651685395
aftva1,32.98969072164948,36.08247422680412,30.927835051546392
jn7ufk,22.82608695652174,43.47826086956522,33.69565217391305
i9yvu3,27.941176470588236,38.23529411764706,33.82352941176471
kjtl0w,9.75609756097561,85.36585365853658,4.878048780487805
hjr5yp,28.999999999999996,45.0,26.0
ptzoic,29.896907216494846,36.08247422680412,34.02061855670103
k3vidr,25.0,40.909090909090914,34.090909090909086
fdhbj0,36.0,28.000000000000004,36.0
lj5l7v,31.25,35.41666666666667,33.33333333333333
b2quz3,28.000000000000004,34.0,38.0
q3tr5s,28.999999999999996,40.0,31.0
od5ees,32.29166666666667,45.83333333333333,21.875
cv9civ,10.0,53.333333333333336,36.666666666666664
ll195c,20.54794520547945,41.0958904109589,38.35616438356164
m18hwn,20.0,70.0,10.0
lool5k,28.999999999999996,49.0,22.0
b5bnwr,22.0,50.0,28.000000000000004
aj2yf3,14.000000000000002,60.0,26.0
g1jg2u,28.999999999999996,46.0,25.0
he9j8x,19.565217391304348,42.391304347826086,38.04347826086957
f6r1n7,30.76923076923077,25.64102564102564,43.58974358974359
em7wg7,21.0,45.0,34.0
c1mpmn,36.0655737704918,37.704918032786885,26.229508196721312
g9kg2i,17.307692307692307,40.38461538461539,42.30769230769231
fx8jol,24.096385542168676,56.62650602409639,19.27710843373494
fn1j8o,14.000000000000002,55.00000000000001,31.0
ejihpz,12.76595744680851,38.297872340425535,48.93617021276596
nzotiz,31.0,32.0,37.0
g4rbvg,31.0,52.0,17.0
lejx6f,24.242424242424242,39.39393939393939,36.36363636363637
qh0syl,35.38461538461539,32.30769230769231,32.30769230769231
jd5cyf,12.0,44.0,44.0
685r46,18.30985915492958,14.084507042253522,67.6056338028169
lrra3e,24.691358024691358,51.85185185185185,23.456790123456788
fbcrrc,28.000000000000004,37.0,35.0
t0egn4,21.0,49.0,30.0
kakxoh,16.0,44.0,40.0
ooko5h,20.0,48.0,32.0
t6l2bt,38.0,34.0,28.000000000000004
mfrzp2,9.0,33.0,57.99999999999999
cp3am2,28.57142857142857,38.095238095238095,33.33333333333333
efsm61,30.0,40.0,30.0
mfghjh,20.0,33.0,47.0
fhkeav,36.36363636363637,34.54545454545455,29.09090909090909
ksx1kh,26.0,32.0,42.0
fuvc56,35.0,45.0,20.0
il0vxl,24.0,38.0,38.0
cyzfys,33.33333333333333,44.44444444444444,22.22222222222222
mz89gz,39.0,41.0,20.0
isg3qd,23.595505617977526,32.58426966292135,43.82022471910113
hxp4ym,30.0,30.0,40.0
cb6iyv,35.0,31.0,34.0
jz6ppj,29.629629629629626,25.925925925925924,44.44444444444444
mp0zmg,27.0,42.0,31.0
ctvz3q,30.0,38.0,32.0
g12y6g,19.318181818181817,42.04545454545455,38.63636363636363
kdjeti,11.11111111111111,18.51851851851852,70.37037037037037
mhdfb8,29.577464788732392,39.436619718309856,30.985915492957744
oete9b,33.0,38.0,28.999999999999996
teswpu,32.0,38.0,30.0
ihnj8f,23.232323232323232,38.38383838383838,38.38383838383838
8lrn8d,33.0,42.0,25.0
kd3smm,22.0,42.0,36.0
kkhgz6,14.000000000000002,43.0,43.0
i76fam,17.0,31.0,52.0
obdrsq,42.0,32.0,26.0
c7t92r,21.0,53.0,26.0
gfelw9,17.391304347826086,28.26086956521739,54.347826086956516
jzkugq,26.0,33.0,41.0
uq472c,31.0,42.0,27.0
mzm7zj,18.0,46.0,36.0
8zkf84,8.333333333333332,51.66666666666667,40.0
iyd444,23.456790123456788,44.44444444444444,32.098765432098766
hu25hq,34.375,33.33333333333333,32.29166666666667
nfk44n,20.0,45.0,35.0
grnblu,25.0,42.0,33.0
nx2gfw,18.181818181818183,70.45454545454545,11.363636363636363
avamg9,31.0,51.0,18.0
dzpkpw,31.0,41.0,28.000000000000004
ldcips,26.08695652173913,36.95652173913043,36.95652173913043
t1ysgc,36.17021276595745,23.404255319148938,40.42553191489361
fkras6,17.0,60.0,23.0
e6pxlu,0,72.09302325581395,27.906976744186046
i8t8xy,25.274725274725274,50.54945054945055,24.175824175824175
hoo55d,22.22222222222222,40.4040404040404,37.37373737373738
rvtwdf,32.0,36.0,32.0
f9sevb,22.0,49.0,28.999999999999996
ptgudq,35.0,40.0,25.0
bb4qr4,12.162162162162163,44.5945945945946,43.24324324324324
octflh,29.166666666666668,47.91666666666667,22.916666666666664
8w2jl0,28.999999999999996,45.0,26.0
jsy47v,20.833333333333336,25.0,54.166666666666664
ikdybx,25.0,38.54166666666667,36.45833333333333
f818o4,21.0,56.00000000000001,23.0
oinsw7,30.0,37.0,33.0
gsz2a1,26.666666666666668,48.333333333333336,25.0
j0ol8y,27.0,41.0,32.0
qz178f,30.0,53.0,17.0
gvwbfq,25.0,46.0,28.999999999999996
f6veez,26.0,47.0,27.0
gyco91,8.88888888888889,60.0,31.11111111111111
hwq3ng,34.883720930232556,27.906976744186046,37.2093023255814
nisu5t,20.0,46.0,34.0
n39iau,18.0,39.0,43.0
gegpli,28.000000000000004,39.0,33.0
igzxn5,20.37037037037037,42.592592592592595,37.03703703703704
gxgogp,23.0,39.0,38.0
koyoa4,22.0,42.0,36.0
ebsgrm,21.12676056338028,35.2112676056338,43.66197183098591
p9vj0x,28.999999999999996,36.0,35.0
dta9xt,20.51282051282051,43.58974358974359,35.8974358974359
k1euv9,30.0,43.0,27.0
nvu1wx,13.725490196078432,62.745098039215684,23.52941176470588
ickg4v,18.0,56.99999999999999,25.0
nu8hst,29.11392405063291,40.50632911392405,30.37974683544304
es3imb,19.0,47.0,34.0
fwct9q,27.083333333333332,43.75,29.166666666666668
iax78q,13.043478260869565,69.56521739130434,17.391304347826086
hezlvq,42.0,34.0,24.0
e106pz,22.0,41.0,37.0
nnt01j,31.57894736842105,34.21052631578947,34.21052631578947
g7muc9,17.28395061728395,27.160493827160494,55.55555555555556
gf2zhk,33.0,46.0,21.0
fth2nc,22.535211267605636,53.52112676056338,23.943661971830984
k37f9f,11.11111111111111,52.22222222222223,36.666666666666664
mjcr5f,27.77777777777778,35.18518518518518,37.03703703703704
cei6oo,29.069767441860467,33.72093023255814,37.2093023255814
g4zvl6,27.0,44.0,28.999999999999996
f6cz5m,39.0,43.0,18.0
sc4q0s,35.051546391752574,31.958762886597935,32.98969072164948
uywzm6,48.57142857142857,42.857142857142854,8.571428571428571
8hz1l7,21.0,35.0,44.0
ofueoq,18.0,44.0,38.0
k3qnqh,22.535211267605636,46.478873239436616,30.985915492957744
mq4y5a,20.0,50.0,30.0
dtm8fs,19.0,44.0,37.0
r6tsm9,34.34343434343434,35.35353535353536,30.303030303030305
gbxmvi,26.0,42.0,32.0
fyfqgx,25.53191489361702,42.5531914893617,31.914893617021278
mld0f6,17.0,41.0,42.0
en2k5w,38.0,44.0,18.0
8c482f,44.44444444444444,33.33333333333333,22.22222222222222
elf6pb,26.0,45.0,28.999999999999996
ddl4oi,30.612244897959183,22.448979591836736,46.93877551020408
eh46wr,22.0,40.0,38.0
oxjlrc,38.0,28.000000000000004,34.0
i1jf71,33.33333333333333,33.33333333333333,33.33333333333333
in6nbj,39.0,32.0,28.999999999999996
s3sz9d,20.0,45.0,35.0
iz7zds,23.076923076923077,30.76923076923077,46.15384615384615
npm28s,27.0,46.0,27.0
h8hgrm,37.0,36.0,27.0
c6kahx,24.0,40.0,36.0
luenvc,23.0,45.0,32.0
jrwf61,26.923076923076923,42.30769230769231,30.76923076923077
irrl7a,13.114754098360656,62.295081967213115,24.59016393442623
no8f7m,28.999999999999996,37.0,34.0
t0cgvt,43.0,34.0,23.0
tbren9,44.0,28.000000000000004,28.000000000000004
mqsjvr,35.0,42.0,23.0
ui4rqz,45.45454545454545,36.36363636363637,18.181818181818183
hbynuu,44.44444444444444,27.77777777777778,27.77777777777778
g7twbm,21.0,46.0,33.0
bmacva,14.117647058823529,48.23529411764706,37.64705882352941
ms5f0f,33.0,40.0,27.0
sqym1c,31.0,49.0,20.0
i3jgd8,28.999999999999996,35.0,36.0
o89dr1,24.0,38.0,38.0
sy3smp,24.742268041237114,45.36082474226804,29.896907216494846
kub52a,27.0,45.0,28.000000000000004
f0ar72,25.0,33.0,42.0
igfcp4,18.0,56.00000000000001,26.0
g35t9e,23.170731707317074,64.63414634146342,12.195121951219512
mt8wrv,22.0,48.0,30.0
pq7ljl,28.125,37.5,34.375
j3ydcw,25.0,30.555555555555557,44.44444444444444
ponzev,28.57142857142857,35.714285714285715,35.714285714285715
kx5z3m,37.2093023255814,32.55813953488372,30.23255813953488
l4r9o0,20.0,39.0,41.0
qyff80,8.333333333333332,66.66666666666666,25.0
5byxc0,24.0,39.0,37.0
eradvo,28.999999999999996,51.0,20.0
of5qym,40.0,34.0,26.0
rkp9xt,21.0,40.0,39.0
cqmkri,35.2112676056338,43.66197183098591,21.12676056338028
9xmvur,36.0,48.0,16.0
jk5vhf,11.11111111111111,25.925925925925924,62.96296296296296
obkgm2,36.0,40.0,24.0
jhk3b7,32.323232323232325,42.42424242424242,25.252525252525253
l2yx1p,34.831460674157306,28.08988764044944,37.07865168539326
k7sqds,15.463917525773196,39.175257731958766,45.36082474226804
nsuacv,26.506024096385545,44.57831325301205,28.915662650602407
dfh2cy,20.0,50.0,30.0
h839gi,16.901408450704224,46.478873239436616,36.61971830985916
tb3q8c,46.464646464646464,32.323232323232325,21.21212121212121
a9nu8j,32.0,37.0,31.0
jxpf7z,37.0,32.0,31.0
q4rs1n,41.0,36.0,23.0
l8loh9,25.0,43.0,32.0
jevvif,17.741935483870968,25.806451612903224,56.451612903225815
chn0n6,26.229508196721312,47.540983606557376,26.229508196721312
dhvnny,19.0,45.0,36.0
ltl2ty,26.0,44.0,30.0
gd5im2,33.33333333333333,36.36363636363637,30.303030303030305
msw6ji,48.717948717948715,25.64102564102564,25.64102564102564
sn8hnj,18.0,37.0,45.0
bw1enh,39.02439024390244,39.02439024390244,21.951219512195124
kwcsuk,14.000000000000002,40.0,46.0
agmzzh,41.66666666666667,38.333333333333336,20.0
dswxx5,25.0,35.0,40.0
n3rhvr,12.0,39.0,49.0
l0gufb,19.0,41.0,40.0
k4ioa0,20.37037037037037,50.0,29.629629629629626
p4gov9,23.0,54.0,23.0
hqlkoh,22.0,45.0,33.0
gmnuma,18.0,28.999999999999996,53.0
bfcwi0,18.75,56.25,25.0
fvrade,37.5,26.25,36.25
n4skq5,14.000000000000002,34.0,52.0
t25jhe,21.12676056338028,60.56338028169014,18.30985915492958
lyj1bz,23.0,43.0,34.0
nq2dkb,35.0,40.0,25.0
hx8ihj,18.333333333333332,56.666666666666664,25.0
6cywhs,22.972972972972975,55.4054054054054,21.62162162162162
cqc8yr,32.608695652173914,45.65217391304348,21.73913043478261
t2wqb6,34.0,39.0,27.0
cro90s,27.906976744186046,51.162790697674424,20.930232558139537
ho6g7c,13.0,50.0,37.0
6dur5q,16.129032258064516,36.55913978494624,47.31182795698925
f2ug7b,14.130434782608695,46.73913043478261,39.130434782608695
iehltx,35.0,32.0,33.0
irb7wz,31.0,43.0,26.0
dee7nz,21.0,52.0,27.0
lmnub8,27.86885245901639,40.98360655737705,31.147540983606557
e85s1n,8.695652173913043,60.86956521739131,30.434782608695656
luya8q,39.0,37.0,24.0
e5bggo,28.000000000000004,35.0,37.0
is0wmo,24.050632911392405,41.77215189873418,34.177215189873415
oglzdv,26.0,44.0,30.0
cyo1yg,29.411764705882355,35.294117647058826,35.294117647058826
fk5zco,39.0,52.0,9.0
fr0zv3,21.428571428571427,50.0,28.57142857142857
nqff1z,32.25806451612903,41.935483870967744,25.806451612903224
eqtxvc,30.303030303030305,45.45454545454545,24.242424242424242
gghoni,19.0,32.0,49.0
p1mvm6,16.0,41.0,43.0
itakuo,19.0,35.0,46.0
ki7j2t,12.941176470588237,51.76470588235295,35.294117647058826
gc33qn,18.6046511627907,46.51162790697674,34.883720930232556
sinrvl,43.0,31.0,26.0
6fbnbm,17.0,50.0,33.0
g7052m,28.999999999999996,37.0,34.0
b8wt2h,23.0,56.99999999999999,20.0
b5si7e,8.695652173913043,43.47826086956522,47.82608695652174
iohxoy,16.666666666666664,48.333333333333336,35.0
hvvfbf,25.0,45.0,30.0
qerzgt,19.0,46.0,35.0
kfae8s,27.083333333333332,46.875,26.041666666666668
tfj6jl,33.0,36.0,31.0
pu27h3,17.17171717171717,24.242424242424242,58.58585858585859
p9jn03,28.999999999999996,53.0,18.0
j8bgie,35.80246913580247,45.67901234567901,18.51851851851852
mvf1wp,28.28282828282828,48.484848484848484,23.232323232323232
fhurwr,32.0,49.0,19.0
ejatmy,44.0,32.0,24.0
jhv941,28.999999999999996,47.0,24.0
mr9fcx,26.0,42.0,32.0
mq1q4n,28.999999999999996,33.0,38.0
a83hc4,28.999999999999996,48.0,23.0
d46q70,24.0,55.00000000000001,21.0
satgww,30.0,39.0,31.0
oanx46,15.0,57.49999999999999,27.500000000000004
s03zgl,24.0,42.0,34.0
dz4082,17.0,46.0,37.0
enlj2o,16.0,38.0,46.0
fr7ad4,22.727272727272727,52.27272727272727,25.0
ia6mic,31.0,43.0,26.0
licsqf,20.224719101123593,48.31460674157304,31.46067415730337
nwmsxg,45.94594594594595,37.83783783783784,16.216216216216218
fnfttn,23.91304347826087,40.21739130434783,35.869565217391305
nhawll,35.0,49.0,16.0
ky4lnk,42.1875,29.6875,28.125
jzfx9g,18.0,43.0,39.0
cjg4xe,15.0,45.0,40.0
hzmn6r,12.0,52.0,36.0
e3htnp,20.238095238095237,47.61904761904761,32.142857142857146
fih2vs,28.947368421052634,39.473684210526315,31.57894736842105
t3fngo,41.0,34.0,25.0
c9ukv0,54.166666666666664,29.166666666666668,16.666666666666664
skeirz,32.6530612244898,40.816326530612244,26.53061224489796
ql7o1l,47.22222222222222,22.22222222222222,30.555555555555557
hwazzo,28.57142857142857,42.857142857142854,28.57142857142857
h7r9tu,28.947368421052634,34.21052631578947,36.84210526315789
riy02z,37.0,33.0,30.0
jqepvd,18.0,35.0,47.0
e0794z,30.0,47.77777777777778,22.22222222222222
pckrbp,30.0,36.0,34.0
sqqxhl,31.0,44.0,25.0
n0ircz,36.0,42.0,22.0
acbpxg,22.0,46.0,32.0
onb2k3,28.000000000000004,31.0,41.0
j2mu7n,43.0,34.0,23.0
sx4wo8,20.0,37.0,43.0
fo44tb,17.0,43.0,40.0
k02x44,10.606060606060606,63.63636363636363,25.757575757575758
o8unab,26.31578947368421,36.84210526315789,36.84210526315789
rx4a9h,33.0,30.0,37.0
keyfd1,6.666666666666667,46.666666666666664,46.666666666666664
sb2mef,24.0,48.0,28.000000000000004
hhmzgf,30.0,54.0,16.0
a63xge,32.0,33.0,35.0
czhda3,40.0,42.0,18.0
dxn7gw,24.0,43.0,33.0
epa988,8.080808080808081,33.33333333333333,58.58585858585859
rfvszn,28.000000000000004,46.0,26.0
fevxmq,29.292929292929294,46.464646464646464,24.242424242424242
e9rj2e,16.923076923076923,41.53846153846154,41.53846153846154
hmuyq1,12.307692307692308,49.23076923076923,38.46153846153847
jwwomn,29.166666666666668,33.33333333333333,37.5
eljtlv,30.303030303030305,52.52525252525253,17.17171717171717
iu10f2,22.0,51.0,27.0
ojdi9s,28.000000000000004,36.0,36.0
up9sba,61.0,23.0,16.0
inq3jy,26.262626262626267,37.37373737373738,36.36363636363637
mi4z3l,25.0,48.0,27.0
gijtv7,12.0,38.0,50.0
m6yztq,27.536231884057973,34.78260869565217,37.68115942028986
n4cwb6,44.0,35.0,21.0
j3788d,26.0,46.0,28.000000000000004
fqj1a4,25.806451612903224,40.32258064516129,33.87096774193548
lqcqza,15.384615384615385,48.07692307692308,36.53846153846153
n30qtf,18.0,55.00000000000001,27.0
mh49mb,40.816326530612244,44.89795918367347,14.285714285714285
otci4o,20.0,42.0,38.0
ils7z8,35.0,34.0,31.0
izsh5f,15.686274509803921,47.05882352941176,37.254901960784316
khklk2,24.242424242424242,60.60606060606061,15.151515151515152
hst8it,25.0,45.0,30.0
fbtzdz,24.0,47.0,28.999999999999996
bokzt7,32.30769230769231,53.84615384615385,13.846153846153847
j99ciq,29.166666666666668,45.83333333333333,25.0
my9o1y,13.513513513513514,43.24324324324324,43.24324324324324
md2a6x,36.0,52.0,12.0
nmgba5,26.31578947368421,48.68421052631579,25.0
l7oebo,29.591836734693878,43.87755102040816,26.53061224489796
glc8vn,22.448979591836736,47.95918367346938,29.591836734693878
bufhgt,26.0,53.0,21.0
hawi49,18.0,45.0,37.0
u192nt,35.0,39.0,26.0
gac3qn,31.0,34.0,35.0
pzyxg6,34.285714285714285,31.428571428571427,34.285714285714285
p8ensj,33.0,26.0,41.0
olk1vp,37.096774193548384,35.483870967741936,27.419354838709676
kec4ug,24.637681159420293,47.82608695652174,27.536231884057973
iv7n30,32.35294117647059,38.23529411764706,29.411764705882355
e5o858,27.173913043478258,39.130434782608695,33.69565217391305
hgyrhf,24.59016393442623,39.34426229508197,36.0655737704918
gjxbmh,30.985915492957744,49.29577464788733,19.718309859154928
bccjct,39.473684210526315,36.84210526315789,23.684210526315788
oj6vtv,24.0,34.0,42.0
glkr7z,37.0,36.0,27.0
pyz9ta,23.0,42.0,35.0
fz2oh3,25.71428571428571,54.285714285714285,20.0
oe32w7,24.0,46.0,30.0
jkojo7,21.839080459770116,57.47126436781609,20.689655172413794
qxurkf,21.153846153846153,50.0,28.846153846153843
mlrohc,28.04878048780488,32.926829268292686,39.02439024390244
8vpr7l,31.0,41.0,28.000000000000004
hf2w1a,17.94871794871795,53.84615384615385,28.205128205128204
owud84,21.153846153846153,38.46153846153847,40.38461538461539
83m5lm,9.090909090909092,41.41414141414141,49.494949494949495
ej7tgs,38.0,47.0,15.0
h109iu,20.754716981132077,45.28301886792453,33.9622641509434
9yv3sw,27.586206896551722,41.37931034482759,31.03448275862069
n7m5pj,24.137931034482758,37.93103448275862,37.93103448275862
qaockm,53.0,30.0,17.0
itp8ph,27.27272727272727,38.63636363636363,34.090909090909086
rnnr1l,17.0,45.0,38.0
gu1ey4,16.27906976744186,41.86046511627907,41.86046511627907
mu66h7,28.28282828282828,56.56565656565656,15.151515151515152
i91q4q,24.0,40.0,36.0
riat9x,39.0,37.0,24.0
hv6bnn,24.742268041237114,28.865979381443296,46.391752577319586
dijog1,25.0,53.0,22.0
f4w6m0,24.0,40.0,36.0
kcxlgr,28.000000000000004,48.0,24.0
sp70dn,28.999999999999996,38.0,33.0
oyzajk,23.0,39.0,38.0
e7df1k,14.285714285714285,44.44444444444444,41.269841269841265
moe8u4,40.0,30.0,30.0
i2g7kb,12.371134020618557,46.391752577319586,41.23711340206185
qkhenj,28.40909090909091,39.77272727272727,31.818181818181817
gzoieo,30.107526881720432,38.70967741935484,31.182795698924732
b4r34k,30.434782608695656,49.275362318840585,20.28985507246377
t2o337,32.608695652173914,31.521739130434785,35.869565217391305
t16w9a,26.0,43.0,31.0
ezem6a,12.0,56.00000000000001,32.0
ly3s38,17.0,39.0,44.0
l9tqup,24.0,45.0,31.0
ijcv1k,12.244897959183673,38.775510204081634,48.97959183673469
gusz2m,20.0,51.0,28.999999999999996
hfnvn1,23.0,43.0,34.0
tz4obi,42.0,30.0,28.000000000000004
sf2n5o,20.51282051282051,46.15384615384615,33.33333333333333
k8w2yd,18.666666666666668,70.66666666666667,10.666666666666668
5qrthq,17.0,55.00000000000001,28.000000000000004
j8wcvj,20.754716981132077,43.39622641509434,35.84905660377358
7vo9ok,18.0,52.0,30.0
dx7hsm,16.0,49.0,35.0
q2vfao,25.0,37.0,38.0
sbkxbm,50.0,31.08108108108108,18.91891891891892
elsxoi,47.474747474747474,29.292929292929294,23.232323232323232
lnnong,25.0,38.0,37.0
iajthp,23.333333333333332,30.0,46.666666666666664
dhe3i9,28.000000000000004,43.0,28.999999999999996
o0ma0o,15.0,57.99999999999999,27.0
tp3xfb,5.128205128205128,10.256410256410255,84.61538461538461
cwz94h,5.0,56.99999999999999,38.0
j4taae,14.516129032258066,51.61290322580645,33.87096774193548
t495kh,35.0,30.0,35.0
ktt82p,33.0,40.0,27.0
lgtdi0,4.166666666666666,87.5,8.333333333333332
dys4x3,28.235294117647058,49.411764705882355,22.35294117647059
m2w0c5,14.285714285714285,54.285714285714285,31.428571428571427
munzhp,24.0,49.0,27.0
rcihtb,21.0,35.0,44.0
ns36bp,29.292929292929294,42.42424242424242,28.28282828282828
j3lr4l,19.696969696969695,59.09090909090909,21.21212121212121
iufk3x,31.0,35.0,34.0
uxfpht,30.0,33.0,37.0
e1xwhk,39.34426229508197,32.78688524590164,27.86885245901639
mgnmmu,35.0,41.0,24.0
sjkfhq,45.0,34.0,21.0
hdbwe1,24.0,54.0,22.0
o6y65e,30.0,41.0,28.999999999999996
gcm1qm,32.432432432432435,45.94594594594595,21.62162162162162
g489ma,26.804123711340207,58.76288659793815,14.432989690721648
d2jw5w,9.433962264150944,47.16981132075472,43.39622641509434
v410au,28.000000000000004,26.0,46.0
eq44g1,22.22222222222222,39.39393939393939,38.38383838383838
l8grng,19.0,53.0,28.000000000000004
s8sytj,32.0,48.0,20.0
gna3yw,34.0,31.0,35.0
pbxq7c,23.0,41.0,36.0
tavpto,33.0,35.0,32.0
3wrnqz,27.0,32.0,41.0
e9b6tl,21.0,45.0,34.0
a0j1za,23.0,48.0,28.999999999999996
eyxm8t,20.0,31.0,49.0
dbfjhw,13.157894736842104,63.1578947368421,23.684210526315788
eynirx,17.0,44.0,39.0
nkmh04,27.0,41.0,32.0
fh9uce,31.0,50.0,19.0
gr2cef,9.859154929577464,42.25352112676056,47.88732394366197
jg4ht8,18.867924528301888,30.18867924528302,50.943396226415096
9z16to,26.76056338028169,49.29577464788733,23.943661971830984
e636ek,25.0,43.0,32.0
me9r4s,35.0,36.0,28.999999999999996
p3jv98,31.0,41.0,28.000000000000004
jpfka0,20.754716981132077,37.735849056603776,41.509433962264154
d290d5,15.0,61.0,24.0
tnd1w5,25.0,47.0,28.000000000000004
g5w8o3,30.0,36.0,34.0
rqh11k,25.0,42.391304347826086,32.608695652173914
uourn2,28.000000000000004,24.0,48.0
iomu39,28.846153846153843,46.15384615384615,25.0
g8veg8,30.0,39.0,31.0
b6iyu4,36.0,40.0,24.0
rdocqa,35.0,32.0,33.0
ep2lsd,17.0,35.0,48.0
mncka6,21.0,57.99999999999999,21.0
c0jqsq,32.0,45.0,23.0
jgb86s,11.0,51.0,38.0
rjyfcn,9.523809523809524,11.11111111111111,79.36507936507937
p2gese,26.0,39.0,35.0
hgj1pw,30.0,32.0,38.0
gqmxm8,28.000000000000004,40.0,32.0
fgfcf0,28.169014084507044,43.66197183098591,28.169014084507044
jnxv82,39.0625,26.5625,34.375
dw2z4w,22.0,53.0,25.0
opqqd9,29.11392405063291,29.11392405063291,41.77215189873418
p0nqla,36.0,31.0,33.0
ni04pf,25.0,35.0,40.0
isk9a3,16.129032258064516,38.70967741935484,45.16129032258064
nqlfzg,33.0,42.0,25.0
fnvvh8,27.0,47.0,26.0
i1p9y3,22.0,37.0,41.0
ore1lh,26.0,39.0,35.0
f0tawi,29.310344827586203,29.310344827586203,41.37931034482759
7v5pe6,37.0,50.0,13.0
idaq4c,27.11864406779661,35.59322033898305,37.28813559322034
nyshiu,26.5625,34.375,39.0625
i2wted,45.28301886792453,30.18867924528302,24.528301886792452
gdpw05,29.166666666666668,39.58333333333333,31.25
gf9l63,27.77777777777778,61.111111111111114,11.11111111111111
kmi2jn,8.108108108108109,29.72972972972973,62.16216216216216
co1ca5,11.594202898550725,47.82608695652174,40.57971014492754
jdl3mg,31.0,30.0,39.0
gktz7u,27.0,39.0,34.0
khbbk8,21.0,42.0,37.0
tseze0,23.0,52.0,25.0
r84bc5,36.0,33.0,31.0
i578kd,5.88235294117647,76.47058823529412,17.647058823529413
ofl3ms,15.068493150684931,41.0958904109589,43.83561643835616
9iaty1,37.0,30.0,33.0
ohhnsb,36.0,37.0,27.0
hxkkwh,18.0,55.00000000000001,27.0
c4tqea,18.0327868852459,57.377049180327866,24.59016393442623
mz1682,23.0,45.0,32.0
s77r57,26.0,44.0,30.0
g2eu9g,24.0,57.99999999999999,18.0
citqiu,12.903225806451612,35.483870967741936,51.61290322580645
j7zj95,31.57894736842105,34.21052631578947,34.21052631578947
th3svd,36.0,44.0,20.0
dr2agl,16.161616161616163,45.45454545454545,38.38383838383838
jfaukn,18.478260869565215,42.391304347826086,39.130434782608695
koaj7b,22.0,32.0,46.0
lvrny5,35.0,35.0,30.0
o5tu5k,18.27956989247312,43.01075268817204,38.70967741935484
p4kiaz,36.0,35.0,28.999999999999996
cxvwbg,42.857142857142854,42.857142857142854,14.285714285714285
8fac70,23.0,25.0,52.0
klygic,21.0,51.0,28.000000000000004
c47d5v,15.789473684210526,47.368421052631575,36.84210526315789
i3xleu,18.0,47.0,35.0
hfyvzg,34.61538461538461,38.46153846153847,26.923076923076923
e4gjp8,18.0,42.0,40.0
t7sgf5,34.61538461538461,32.69230769230769,32.69230769230769
8ebs8z,34.0,42.0,24.0
mkn71z,40.845070422535215,26.76056338028169,32.3943661971831
dlnznb,8.108108108108109,56.75675675675676,35.13513513513514
np1p7q,18.181818181818183,45.45454545454545,36.36363636363637
lo8of1,38.095238095238095,30.952380952380953,30.952380952380953
fpdbzi,27.692307692307693,55.38461538461539,16.923076923076923
pn65ge,8.51063829787234,29.78723404255319,61.702127659574465
ehlhst,23.0,42.0,35.0
rruzy4,25.333333333333336,50.66666666666667,24.0
use4q9,32.0,36.0,32.0
oei80h,27.0,46.0,27.0
q2fx8v,15.0,46.25,38.75
9hi4dp,25.773195876288657,31.958762886597935,42.2680412371134
lceasc,13.0,34.0,53.0
hqas2s,44.0,33.0,23.0
hm9nac,39.0,46.0,15.0
e5x23n,24.0,44.0,32.0
lavnej,24.637681159420293,42.028985507246375,33.33333333333333
ms9t9u,28.999999999999996,48.0,23.0
man2fm,36.95652173913043,43.47826086956522,19.565217391304348
rlaidj,33.69565217391305,38.04347826086957,28.26086956521739
qij65a,22.0,36.0,42.0
k6oo12,27.500000000000004,40.0,32.5
lfv6w1,17.391304347826086,45.65217391304348,36.95652173913043
hkzemc,18.91891891891892,29.72972972972973,51.35135135135135
ff93f4,17.17171717171717,38.38383838383838,44.44444444444444
g1ah6v,31.57894736842105,42.10526315789473,26.31578947368421
jtdy77,37.0,32.0,31.0
qjco2y,15.625,50.0,34.375
t884dq,28.999999999999996,52.0,19.0
cqwfwl,19.0,41.0,40.0
c35ojx,23.25581395348837,55.81395348837209,20.930232558139537
ot5bs5,30.0,50.0,20.0
rlskg3,27.27272727272727,49.494949494949495,23.232323232323232
jcjfqk,41.86046511627907,37.2093023255814,20.930232558139537
ew8lf7,20.0,42.35294117647059,37.64705882352941
ehwba9,17.0,54.0,28.999999999999996
nvb5hd,27.0,52.0,21.0
fxy0zm,21.21212121212121,44.44444444444444,34.34343434343434
tuikc1,38.20224719101123,33.70786516853933,28.08988764044944
k8kc0g,15.789473684210526,57.89473684210527,26.31578947368421
k23rzt,37.0,46.0,17.0
ib4gf9,19.444444444444446,25.0,55.55555555555556
dicnj0,23.0,55.00000000000001,22.0
hj0nmq,19.35483870967742,34.40860215053764,46.236559139784944
nyj316,16.0,46.0,38.0
noj0il,48.148148148148145,22.22222222222222,29.629629629629626
oz84o9,26.0,33.0,41.0
k2my89,24.0,48.0,28.000000000000004
9fbtu5,23.232323232323232,39.39393939393939,37.37373737373738
q0uvj9,36.0,32.0,32.0
hrwuw9,30.0,42.5,27.500000000000004
i6j9i7,18.181818181818183,50.649350649350644,31.16883116883117
o6f6fa,27.0,53.0,20.0
fmf1d9,39.58333333333333,25.0,35.41666666666667
exon5c,11.0,46.0,43.0
ncfgsm,28.999999999999996,40.0,31.0
ju1g41,30.0,40.0,30.0
t52jfy,26.0,39.0,35.0
g25llj,38.0,42.0,20.0
hz34h8,27.586206896551722,42.5287356321839,29.88505747126437
lagzjd,27.142857142857142,41.42857142857143,31.428571428571427
9504u6,20.54794520547945,30.136986301369863,49.31506849315068
8twfm0,28.999999999999996,50.0,21.0
huo62l,36.36363636363637,38.63636363636363,25.0
pflrx1,13.0,36.0,51.0
kgcadq,17.17171717171717,55.55555555555556,27.27272727272727
f3fl7t,29.411764705882355,38.82352941176471,31.76470588235294
ljk5lm,36.734693877551024,41.83673469387755,21.428571428571427
r1rdbn,33.734939759036145,42.168674698795186,24.096385542168676
flc20k,38.0,38.0,24.0
jpuuf4,17.346938775510203,29.591836734693878,53.06122448979592
t8o9og,36.36363636363637,40.4040404040404,23.232323232323232
hcfbub,31.818181818181817,59.09090909090909,9.090909090909092
eak03x,30.0,44.0,26.0
j6d3ps,30.0,51.0,19.0
g7f6t4,17.94871794871795,46.15384615384615,35.8974358974359
mnth80,30.0,37.0,33.0
h9za7n,16.0,68.0,16.0
tdnqkh,28.985507246376812,55.072463768115945,15.942028985507244
8es047,32.608695652173914,44.565217391304344,22.82608695652174
f1ellx,28.999999999999996,47.0,24.0
if1t2k,17.0,49.0,34.0
gk8253,21.62162162162162,50.0,28.37837837837838
g3qo54,26.76056338028169,40.845070422535215,32.3943661971831
lqw6ph,29.310344827586203,36.206896551724135,34.48275862068966
dgo0wq,32.0,39.0,28.999999999999996
84gnzj,28.999999999999996,47.0,24.0
fx7hv6,42.857142857142854,44.047619047619044,13.095238095238097
px86hz,26.53061224489796,36.734693877551024,36.734693877551024
cptx05,23.809523809523807,52.38095238095239,23.809523809523807
lpy1fq,26.0,47.0,27.0
jietnh,17.0,38.0,45.0
grawvi,17.0,61.0,22.0
asnhpn,19.0,32.0,49.0
lhfr7n,25.423728813559322,35.59322033898305,38.983050847457626
tw3wt7,28.999999999999996,36.0,35.0
d8kwck,15.0,52.0,33.0
ewp6bl,40.0,28.333333333333332,31.666666666666664
fi7cw5,16.0,52.0,32.0
cfron0,19.0,48.0,33.0
jj1us0,39.130434782608695,32.608695652173914,28.26086956521739
o52ghf,18.333333333333332,40.0,41.66666666666667
nrgccu,30.0,31.0,39.0
hppfwj,32.0,42.0,26.0
ctegz4,31.666666666666664,33.33333333333333,35.0
epthos,27.0,55.00000000000001,18.0
5szjko,27.586206896551722,51.724137931034484,20.689655172413794
p3zz42,34.0,38.0,28.000000000000004
emfh3k,40.0,47.0,13.0
kn5hhn,20.0,42.0,38.0
ruqj3e,25.0,38.0,37.0
svjfgn,28.000000000000004,46.0,26.0
hnwuyl,19.318181818181817,40.909090909090914,39.77272727272727
l3zwsm,16.0,33.0,51.0
njmxff,35.0,39.0,26.0
sz7kgo,28.000000000000004,39.0,33.0
jlgf3j,26.923076923076923,42.30769230769231,30.76923076923077
g8b7sm,37.704918032786885,31.147540983606557,31.147540983606557
fciqdc,26.0,55.00000000000001,19.0
9t39i3,35.8974358974359,41.02564102564102,23.076923076923077
cjpizx,28.125,59.375,12.5
i5p12m,23.0,37.0,40.0
diy9m1,15.0,69.0,16.0
miq6a9,36.45833333333333,27.083333333333332,36.45833333333333
f4bxy6,30.158730158730158,42.857142857142854,26.984126984126984
em22jy,17.0,50.0,33.0
jrcgni,28.999999999999996,32.0,39.0
f1y3hk,41.30434782608695,41.30434782608695,17.391304347826086
97j8it,26.0,50.0,24.0
e0idxy,21.21212121212121,56.060606060606055,22.727272727272727
s9cza0,34.0,35.0,31.0
tim3sd,34.0,30.0,36.0
i49uhs,39.0,31.0,30.0
s32d4z,16.666666666666664,64.28571428571429,19.047619047619047
duhkst,23.0,63.0,14.000000000000002
fugews,19.0,32.0,49.0
q0i0uo,8.823529411764707,70.58823529411765,20.588235294117645
m0sses,37.5,43.75,18.75
kyozib,24.390243902439025,34.146341463414636,41.46341463414634
pv01eu,35.0,46.0,19.0
nahwcv,36.0,37.0,27.0
bo3jlr,24.0,59.0,17.0
gv714y,37.37373737373738,27.27272727272727,35.35353535353536
njjmhh,30.0,52.0,18.0
j8p0rw,19.0,49.0,32.0
pqp7rn,20.0,38.0,42.0
faycmj,42.857142857142854,28.57142857142857,28.57142857142857
ji2pmx,28.57142857142857,42.857142857142854,28.57142857142857
dy9psy,15.0,47.0,38.0
g2xjga,16.176470588235293,50.0,33.82352941176471
qg13ov,17.0,36.0,47.0
jfniwy,30.0,48.0,22.0
pr8e2o,20.0,36.0,44.0
d07yh1,10.526315789473683,57.89473684210527,31.57894736842105
i10xiu,21.0,42.0,37.0
mw1qgq,16.161616161616163,46.464646464646464,37.37373737373738
nerbf8,50.0,28.999999999999996,21.0
j5f2qx,38.2716049382716,22.22222222222222,39.50617283950617
py5pow,31.25,31.25,37.5
hbr77v,36.206896551724135,36.206896551724135,27.586206896551722
q99qqj,35.0,43.0,22.0
jv9ooo,17.0,44.0,39.0
8nqgn8,31.0,42.0,27.0
ma30e8,28.08988764044944,37.07865168539326,34.831460674157306
q7kafa,37.0,26.0,37.0
ovih39,31.313131313131315,40.4040404040404,28.28282828282828
gviw06,21.0,39.0,40.0
hjejan,12.280701754385964,38.59649122807017,49.122807017543856
ndp5qk,34.0,35.0,31.0
izjygv,13.88888888888889,55.55555555555556,30.555555555555557
n5q9u4,12.0,82.0,6.0
dvqad1,28.999999999999996,42.0,28.999999999999996
aepbu7,26.0,52.0,22.0
mxbr51,26.0,42.0,32.0
bnw2ol,31.0,41.0,28.000000000000004
iqv07x,18.30985915492958,39.436619718309856,42.25352112676056
ip74vj,21.518987341772153,37.9746835443038,40.50632911392405
ufisgm,35.0,44.0,21.0
q6hrif,31.428571428571427,37.142857142857146,31.428571428571427
c7admk,28.999999999999996,44.0,27.0
hjy8mr,25.0,49.0,26.0
jjfnrs,19.402985074626866,46.26865671641791,34.32835820895522
jsmld5,14.000000000000002,51.0,35.0
h0kbpu,19.51219512195122,35.36585365853659,45.1219512195122
9us4lf,16.27906976744186,41.86046511627907,41.86046511627907
k5eyus,20.0,33.0,47.0
k0t197,22.916666666666664,45.83333333333333,31.25
ipgt41,36.0,31.0,33.0
a0vjvg,26.0,40.0,34.0
doo540,6.896551724137931,37.93103448275862,55.172413793103445
ta49ww,35.0,44.0,21.0
lcsez0,27.058823529411764,48.23529411764706,24.705882352941178
q8ouyb,33.0,31.0,36.0
j6jt9d,33.0,33.0,34.0
qnc11o,43.0,32.0,25.0
agwk38,11.76470588235294,35.294117647058826,52.94117647058824
9bv20w,41.0,38.0,21.0
dwrfje,14.754098360655737,50.81967213114754,34.42622950819672
rat9oz,14.130434782608695,23.91304347826087,61.95652173913043
rofmta,20.2020202020202,52.52525252525253,27.27272727272727
ndjzq5,44.329896907216494,28.865979381443296,26.804123711340207
o1olyf,20.0,28.000000000000004,52.0
odl9i7,34.0,40.0,26.0
psuziz,14.285714285714285,68.13186813186813,17.582417582417584
i7ngp1,15.789473684210526,45.614035087719294,38.59649122807017
npk9jk,33.0,36.0,31.0
se6vnj,35.0,27.0,38.0
fve7pn,25.252525252525253,40.4040404040404,34.34343434343434
gmy3hj,7.317073170731707,48.78048780487805,43.90243902439025
crjz3v,35.714285714285715,54.761904761904766,9.523809523809524
976sv7,28.000000000000004,35.0,37.0
gq6ty5,16.0,43.0,41.0
ebe7af,34.0,43.0,23.0
gj4xmz,33.0,38.0,28.999999999999996
oyh5jz,30.88235294117647,48.529411764705884,20.588235294117645
gi6jls,23.0,41.0,36.0
go2trm,40.20618556701031,34.02061855670103,25.773195876288657
bdzils,17.0,51.0,32.0
q3des2,45.0,28.000000000000004,27.0
evl65x,18.0,52.0,30.0
7c7hdm,42.22222222222222,35.55555555555556,22.22222222222222
pxlqno,38.0,25.0,37.0
k98fi2,11.0,48.0,41.0
knx675,40.0,41.0,19.0
idvyze,15.555555555555555,55.55555555555556,28.888888888888886
k63h8k,16.0,56.99999999999999,27.0
jemkiq,24.0,30.0,46.0
gx3qs6,10.0,41.25,48.75
gb2g58,21.0,47.0,32.0
nti7ig,19.0,39.0,42.0
h8v1fc,32.098765432098766,32.098765432098766,35.80246913580247
tjalyo,30.0,26.666666666666668,43.333333333333336
sofmap,35.0,39.0,26.0
tdxfij,32.0,36.0,32.0
g61ri1,61.904761904761905,23.809523809523807,14.285714285714285
b1f1zv,22.0,45.0,33.0
qc6z8v,28.000000000000004,41.0,31.0
dhop8t,28.000000000000004,49.0,23.0
ckddxn,44.44444444444444,25.925925925925924,29.629629629629626
m8lgf4,19.387755102040817,44.89795918367347,35.714285714285715
io7e31,13.513513513513514,59.45945945945946,27.027027027027028
etb8nb,24.390243902439025,47.5609756097561,28.04878048780488
hx8maj,22.0,38.0,40.0
9lut2l,34.285714285714285,57.14285714285714,8.571428571428571
j5spaq,22.0,52.0,26.0
c0v34z,33.0,27.0,40.0
t020va,38.0,28.000000000000004,34.0
je11z1,22.093023255813954,40.69767441860465,37.2093023255814
p352r1,25.0,39.0,36.0
qhs0ra,25.806451612903224,35.483870967741936,38.70967741935484
juvur9,8.333333333333332,45.83333333333333,45.83333333333333
bhmuw5,10.344827586206897,37.93103448275862,51.724137931034484
803oxg,28.000000000000004,31.0,41.0
amoxzz,21.0,48.0,31.0
n5gqwl,23.4375,29.6875,46.875
i6sib2,27.0,44.0,28.999999999999996
i3knnc,18.0,46.0,36.0
jitrkb,38.0,34.0,28.000000000000004
i7frc3,14.583333333333334,53.125,32.29166666666667
g5e46g,22.0,36.0,42.0
hwwrvo,19.791666666666664,60.416666666666664,19.791666666666664
m1pwba,0,71.42857142857143,28.57142857142857
k7mm0h,26.0,44.0,30.0
szvxx3,28.000000000000004,28.999999999999996,43.0
db39es,14.634146341463413,34.146341463414636,51.21951219512195
jkxe8l,15.0,48.0,37.0
iios00,12.121212121212121,46.96969696969697,40.909090909090914
8mp9li,21.0,44.0,35.0
lluj0l,21.875,28.125,50.0
f5e2j3,25.675675675675674,47.2972972972973,27.027027027027028
9o2ubr,28.000000000000004,45.0,27.0
d4rlkc,28.999999999999996,52.0,19.0
815yfe,43.43434343434344,38.38383838383838,18.181818181818183
poziw4,14.000000000000002,47.0,39.0
o21x1h,30.851063829787233,39.361702127659576,29.78723404255319
ii1fhq,34.285714285714285,31.428571428571427,34.285714285714285
dfwp5a,23.0,44.0,33.0
d7424o,45.0,37.0,18.0
nbs9mn,40.0,36.0,24.0
8m9oxf,36.0,36.0,28.000000000000004
8yb7sd,25.0,45.0,30.0
dja5mg,20.0,54.0,26.0
edb2pm,10.0,62.22222222222222,27.77777777777778
r5dujb,21.0,55.00000000000001,24.0
l4atyw,31.313131313131315,41.41414141414141,27.27272727272727
i21cx3,32.0,24.0,44.0
i9n4zj,18.0,45.0,37.0
7lo7fu,22.0,23.0,55.00000000000001
d6dht3,29.292929292929294,40.4040404040404,30.303030303030305
lxhr4y,46.42857142857143,35.714285714285715,17.857142857142858
ccu2ld,26.0,46.0,28.000000000000004
omwldf,36.0,34.0,30.0
dk25xo,28.57142857142857,31.428571428571427,40.0
q773o9,32.0,28.999999999999996,39.0
jgx251,33.76623376623377,32.467532467532465,33.76623376623377
h07d5r,16.0,22.0,62.0
ou7xf8,44.0,38.0,18.0
hsdqg3,33.33333333333333,30.158730158730158,36.507936507936506
dtzjxn,25.97402597402597,46.75324675324675,27.27272727272727
arcueu,15.217391304347828,45.65217391304348,39.130434782608695
i8d413,14.000000000000002,28.999999999999996,56.99999999999999
b2xkpy,13.953488372093023,37.2093023255814,48.837209302325576
my68ka,23.404255319148938,39.361702127659576,37.234042553191486
m6bv0r,17.56756756756757,47.2972972972973,35.13513513513514
ocbpxk,26.0,50.0,24.0
nsvoup,14.285714285714285,26.53061224489796,59.183673469387756
dgw851,26.0,52.0,22.0
pwn0hf,17.0,47.0,36.0
e4vst0,12.280701754385964,61.40350877192983,26.31578947368421
ih7je3,17.647058823529413,50.0,32.35294117647059
kgj2nv,26.744186046511626,45.348837209302324,27.906976744186046
8sciz7,32.0,42.0,26.0
pd7ygm,46.0,37.0,17.0
jlu1sa,28.57142857142857,41.66666666666667,29.761904761904763
pntq3w,23.404255319148938,37.234042553191486,39.361702127659576
mm9qdg,32.0,40.0,28.000000000000004
rx6g1e,27.0,31.0,42.0
onu1sg,28.999999999999996,41.0,30.0
fl3yau,33.0,45.0,22.0
mdsk3i,26.0,35.0,39.0
imogzc,24.0,40.0,36.0
