ehw4ap,41.48936170212766,41.48936170212766,17.02127659574468
hn2tbk,38.38383838383838,35.35353535353536,26.262626262626267
twa512,14.000000000000002,34.0,52.0
j8zunw,55.10204081632652,32.6530612244898,12.244897959183673
68syyv,44.44444444444444,40.0,15.555555555555555
hxr44v,36.36363636363637,41.41414141414141,22.22222222222222
ao95sm,33.0,39.0,28.000000000000004
t3fiyq,38.46153846153847,34.065934065934066,27.472527472527474
jo6omh,10.0,48.0,42.0
hzhd45,43.29896907216495,38.144329896907216,18.556701030927837
l0cnuh,33.33333333333333,37.77777777777778,28.888888888888886
fq9fai,35.051546391752574,44.329896907216494,20.618556701030926
bf0hpb,37.0,39.0,24.0
t4kssy,36.666666666666664,38.88888888888889,24.444444444444443
dvwtdn,37.0,46.0,17.0
gum9ko,45.348837209302324,38.372093023255815,16.27906976744186
kw5pd1,44.565217391304344,39.130434782608695,16.304347826086957
k1s4ti,31.818181818181817,46.590909090909086,21.59090909090909
i70zbi,46.31578947368421,31.57894736842105,22.105263157894736
awy3nt,18.556701030927837,37.11340206185567,44.329896907216494
kf54ra,44.89795918367347,41.83673469387755,13.26530612244898
8f4nlp,39.56043956043956,36.26373626373626,24.175824175824175
lns1lr,28.723404255319153,47.87234042553192,23.404255319148938
nwvad4,22.58064516129032,49.46236559139785,27.956989247311824
9wgrdf,11.702127659574469,29.78723404255319,58.51063829787234
9zop96,39.795918367346935,36.734693877551024,23.46938775510204
idaych,31.11111111111111,51.11111111111111,17.77777777777778
ekbxhp,24.444444444444443,51.11111111111111,24.444444444444443
ixejtm,18.681318681318682,42.857142857142854,38.46153846153847
bows67,38.297872340425535,34.04255319148936,27.659574468085108
6u56go,34.04255319148936,37.234042553191486,28.723404255319153
ks28dp,44.79166666666667,36.45833333333333,18.75
j5ou22,35.95505617977528,32.58426966292135,31.46067415730337
fgiwae,39.361702127659576,42.5531914893617,18.085106382978726
j8vpz6,25.0,42.70833333333333,32.29166666666667
9dtx97,45.744680851063826,40.42553191489361,13.829787234042554
i9jrvl,36.734693877551024,29.591836734693878,33.6734693877551
6ep9fd,27.368421052631582,35.78947368421053,36.84210526315789
gxj98g,23.157894736842106,44.21052631578947,32.631578947368425
9wkx2q,48.421052631578945,31.57894736842105,20.0
kskhoi,34.0,41.0,25.0
kjex4z,67.0103092783505,20.618556701030926,12.371134020618557
cpj2lv,29.03225806451613,44.086021505376344,26.881720430107524
cuhn4i,26.881720430107524,41.935483870967744,31.182795698924732
diq461,58.24175824175825,24.175824175824175,17.582417582417584
h91cv4,17.17171717171717,45.45454545454545,37.37373737373738
80dzyy,11.627906976744185,66.27906976744185,22.093023255813954
rzh65k,41.935483870967744,34.40860215053764,23.655913978494624
a7cddu,28.865979381443296,36.08247422680412,35.051546391752574
75k317,28.08988764044944,42.69662921348314,29.213483146067414
4d7561,17.391304347826086,55.434782608695656,27.173913043478258
9m4jmw,13.0,40.0,47.0
tl89dk,37.5,37.5,25.0
n8d7oj,22.47191011235955,47.19101123595505,30.337078651685395
7odx4v,50.0,34.78260869565217,15.217391304347828
pskwqa,5.555555555555555,53.333333333333336,41.11111111111111
fnos93,32.6530612244898,41.83673469387755,25.510204081632654
hmkwhv,53.535353535353536,29.292929292929294,17.17171717171717
8dyfb0,23.655913978494624,37.634408602150536,38.70967741935484
dezr7q,31.25,41.66666666666667,27.083333333333332
igk3fq,39.130434782608695,39.130434782608695,21.73913043478261
jcs6rl,10.526315789473683,29.47368421052631,60.0
kd8bdc,20.618556701030926,48.45360824742268,30.927835051546392
ksw0mj,27.058823529411764,36.470588235294116,36.470588235294116
b08ile,25.53191489361702,38.297872340425535,36.17021276595745
gwvnkk,55.78947368421052,31.57894736842105,12.631578947368421
k115l0,33.33333333333333,32.22222222222222,34.44444444444444
qcxm1j,19.0,48.0,33.0
cvried,23.333333333333332,50.0,26.666666666666668
l65gp6,30.337078651685395,41.57303370786517,28.08988764044944
hbgfgj,45.16129032258064,31.182795698924732,23.655913978494624
cgxmi8,27.956989247311824,39.784946236559136,32.25806451612903
offmpi,35.41666666666667,34.375,30.208333333333332
gk7yqc,56.17977528089888,32.58426966292135,11.235955056179774
ibf3s1,45.36082474226804,36.08247422680412,18.556701030927837
j3gc5x,23.711340206185564,50.51546391752577,25.773195876288657
pca8p4,43.75,36.45833333333333,19.791666666666664
j7mxrx,36.45833333333333,33.33333333333333,30.208333333333332
prufkf,26.666666666666668,37.77777777777778,35.55555555555556
gbnyna,42.2680412371134,29.896907216494846,27.835051546391753
ldwxd1,30.337078651685395,48.31460674157304,21.34831460674157
hcb5kh,18.27956989247312,44.086021505376344,37.634408602150536
85osel,25.274725274725274,38.46153846153847,36.26373626373626
nccpl2,24.46808510638298,55.319148936170215,20.212765957446805
tyjca2,18.947368421052634,42.10526315789473,38.94736842105263
gsqb1q,49.48453608247423,31.958762886597935,18.556701030927837
mxn6aa,24.210526315789473,48.421052631578945,27.368421052631582
9c5qnc,24.175824175824175,39.56043956043956,36.26373626373626
ue76be,8.421052631578947,49.473684210526315,42.10526315789473
7s87w8,18.681318681318682,47.25274725274725,34.065934065934066
p7s2sh,30.851063829787233,43.61702127659575,25.53191489361702
hcjnje,13.541666666666666,37.5,48.95833333333333
f5e92s,17.24137931034483,49.42528735632184,33.33333333333333
ijdt41,34.02061855670103,42.2680412371134,23.711340206185564
dwthfg,31.958762886597935,47.42268041237113,20.618556701030926
jg850m,47.25274725274725,38.46153846153847,14.285714285714285
hvf0wh,38.144329896907216,44.329896907216494,17.525773195876287
ckdmh3,44.44444444444444,37.77777777777778,17.77777777777778
hutebq,23.711340206185564,40.20618556701031,36.08247422680412
8ykffz,31.46067415730337,44.9438202247191,23.595505617977526
iepttt,33.33333333333333,35.35353535353536,31.313131313131315
gpa1gi,43.87755102040816,42.857142857142854,13.26530612244898
t0n0ag,41.05263157894737,33.68421052631579,25.263157894736842
8d16p5,19.587628865979383,24.742268041237114,55.670103092783506
ubpxjy,38.54166666666667,32.29166666666667,29.166666666666668
8xo9qj,11.702127659574469,29.78723404255319,58.51063829787234
p1sb2x,29.78723404255319,40.42553191489361,29.78723404255319
iyel5p,52.12765957446809,31.914893617021278,15.957446808510639
gz3imp,43.61702127659575,40.42553191489361,15.957446808510639
6rmjlr,32.22222222222222,42.22222222222222,25.555555555555554
e9r8mp,19.101123595505616,53.93258426966292,26.96629213483146
jvktos,50.51546391752577,35.051546391752574,14.432989690721648
85vmw8,17.647058823529413,52.94117647058824,29.411764705882355
jkx35z,48.0,37.0,15.0
8dpdk0,40.86021505376344,36.55913978494624,22.58064516129032
m94ius,36.84210526315789,23.157894736842106,40.0
v2p0vh,35.051546391752574,39.175257731958766,25.773195876288657
h9rjxl,40.20618556701031,32.98969072164948,26.804123711340207
gy6h6s,33.68421052631579,43.15789473684211,23.157894736842106
g4fu6c,41.66666666666667,40.625,17.708333333333336
r90l76,30.208333333333332,45.83333333333333,23.958333333333336
jmlkrt,32.98969072164948,36.08247422680412,30.927835051546392
aufpjn,40.0,41.05263157894737,18.947368421052634
i1b1zp,43.333333333333336,37.77777777777778,18.88888888888889
kyiu2y,25.882352941176475,52.94117647058824,21.176470588235293
73r0uu,37.0,38.0,25.0
jrylcr,55.670103092783506,28.865979381443296,15.463917525773196
gvsatp,39.58333333333333,31.25,29.166666666666668
9allyi,15.217391304347828,46.73913043478261,38.04347826086957
gxow8i,57.73195876288659,30.927835051546392,11.34020618556701
p6o45x,26.041666666666668,41.66666666666667,32.29166666666667
925h9r,16.853932584269664,60.67415730337079,22.47191011235955
kmt78p,42.22222222222222,45.55555555555556,12.222222222222221
d7a4w6,41.11111111111111,44.44444444444444,14.444444444444443
73n05s,40.42553191489361,44.680851063829785,14.893617021276595
b1s9d1,32.6530612244898,31.63265306122449,35.714285714285715
d8asnl,15.463917525773196,38.144329896907216,46.391752577319586
i8e80v,35.16483516483517,48.35164835164835,16.483516483516482
7gfs84,39.0,32.0,28.999999999999996
mw3h9h,30.526315789473685,43.15789473684211,26.31578947368421
uu6bdg,38.46153846153847,36.26373626373626,25.274725274725274
jbyclg,56.56565656565656,25.252525252525253,18.181818181818183
jrvdbt,43.75,27.083333333333332,29.166666666666668
izlesp,45.05494505494506,41.75824175824176,13.186813186813188
e3f92a,18.823529411764707,44.70588235294118,36.470588235294116
m4g3j9,44.21052631578947,33.68421052631579,22.105263157894736
took7s,43.02325581395349,33.72093023255814,23.25581395348837
kathhw,25.0,34.0,41.0
gxarlb,46.875,38.54166666666667,14.583333333333334
pd7xbq,53.191489361702125,36.17021276595745,10.638297872340425
fjsa1t,24.444444444444443,44.44444444444444,31.11111111111111
gylx3u,13.541666666666666,46.875,39.58333333333333
l7zmj2,13.131313131313133,39.39393939393939,47.474747474747474
gu8kiq,43.43434343434344,39.39393939393939,17.17171717171717
v20npc,47.82608695652174,39.130434782608695,13.043478260869565
ti2h7p,37.0,36.0,27.0
esgarl,42.42424242424242,28.28282828282828,29.292929292929294
c6eda6,32.98969072164948,30.927835051546392,36.08247422680412
65cbkb,38.46153846153847,34.065934065934066,27.472527472527474
lswxg3,23.076923076923077,53.84615384615385,23.076923076923077
ox5gse,31.57894736842105,41.05263157894737,27.368421052631582
kxcu9r,40.0,38.0,22.0
ha694o,59.79381443298969,19.587628865979383,20.618556701030926
p6cgwb,19.19191919191919,45.45454545454545,35.35353535353536
h9h11e,22.22222222222222,48.888888888888886,28.888888888888886
o8xzpy,33.33333333333333,41.11111111111111,25.555555555555554
skddu2,52.083333333333336,32.29166666666667,15.625
9l5djc,13.829787234042554,36.17021276595745,50.0
gr69mo,26.53061224489796,39.795918367346935,33.6734693877551
l1l116,23.91304347826087,40.21739130434783,35.869565217391305
hx6i7w,45.36082474226804,34.02061855670103,20.618556701030926
i03z4p,19.387755102040817,36.734693877551024,43.87755102040816
a9vtj4,24.731182795698924,46.236559139784944,29.03225806451613
rkf8vq,28.999999999999996,40.0,31.0
8evx2j,24.175824175824175,39.56043956043956,36.26373626373626
lfc1ms,54.02298850574713,26.436781609195403,19.54022988505747
dpc228,23.0,38.0,39.0
ikqfnq,47.0,37.0,16.0
ary0b5,17.97752808988764,53.93258426966292,28.08988764044944
lj92r6,47.91666666666667,26.041666666666668,26.041666666666668
qg5z35,22.727272727272727,42.04545454545455,35.22727272727273
mzp1hg,32.22222222222222,47.77777777777778,20.0
ftlkay,38.04347826086957,47.82608695652174,14.130434782608695
fgd6ma,36.26373626373626,46.15384615384615,17.582417582417584
8fa8yc,17.346938775510203,47.95918367346938,34.69387755102041
4y9fhr,25.252525252525253,43.43434343434344,31.313131313131315
d5m01k,21.21212121212121,36.36363636363637,42.42424242424242
dk3u45,26.881720430107524,45.16129032258064,27.956989247311824
p15i8g,28.125,35.41666666666667,36.45833333333333
l6gdz3,30.0,47.0,23.0
hdk12c,34.69387755102041,42.857142857142854,22.448979591836736
mrlkys,30.303030303030305,30.303030303030305,39.39393939393939
j385r6,34.065934065934066,41.75824175824176,24.175824175824175
krvwkf,49.0,36.0,15.0
3cudy6,28.421052631578945,46.31578947368421,25.263157894736842
lsbgop,18.478260869565215,32.608695652173914,48.91304347826087
lndx01,15.625,31.25,53.125
grgo6x,56.84210526315789,31.57894736842105,11.578947368421053
m7qjvm,50.0,36.17021276595745,13.829787234042554
i4s1rg,44.329896907216494,40.20618556701031,15.463917525773196
v0j9w4,46.808510638297875,30.851063829787233,22.340425531914892
go6cg5,51.11111111111111,30.0,18.88888888888889
s06bv1,33.68421052631579,34.73684210526316,31.57894736842105
ia9qsh,53.0,28.999999999999996,18.0
7ej943,26.804123711340207,43.29896907216495,29.896907216494846
dxozju,47.25274725274725,37.362637362637365,15.384615384615385
jeg58y,27.368421052631582,38.94736842105263,33.68421052631579
j8imfh,37.755102040816325,38.775510204081634,23.46938775510204
oo871y,31.0,46.0,23.0
ksg3gp,26.53061224489796,43.87755102040816,29.591836734693878
9pjaj2,48.95833333333333,32.29166666666667,18.75
d0fkq4,33.69565217391305,40.21739130434783,26.08695652173913
rygmps,33.68421052631579,41.05263157894737,25.263157894736842
f9iuyi,32.25806451612903,41.935483870967744,25.806451612903224
ncxhfg,22.340425531914892,44.680851063829785,32.97872340425532
k2ftr8,34.69387755102041,33.6734693877551,31.63265306122449
okfpqq,40.86021505376344,33.33333333333333,25.806451612903224
g565bs,37.634408602150536,43.01075268817204,19.35483870967742
l3sa06,51.546391752577314,29.896907216494846,18.556701030927837
fryteb,41.11111111111111,35.55555555555556,23.333333333333332
oi482d,21.27659574468085,47.87234042553192,30.851063829787233
ipu7cm,24.731182795698924,41.935483870967744,33.33333333333333
jenver,33.0,43.0,24.0
gp2p6i,22.448979591836736,47.95918367346938,29.591836734693878
c217au,59.375,21.875,18.75
lc670h,25.0,45.0,30.0
rg8q5m,16.3265306122449,31.63265306122449,52.04081632653062
n16yua,21.50537634408602,44.086021505376344,34.40860215053764
a73a1f,43.43434343434344,25.252525252525253,31.313131313131315
78rsyc,31.868131868131865,46.15384615384615,21.978021978021978
jxztng,26.0,47.0,27.0
7ib4bo,34.73684210526316,34.73684210526316,30.526315789473685
5qu55p,23.595505617977526,46.06741573033708,30.337078651685395
cohqmr,47.42268041237113,37.11340206185567,15.463917525773196
cc5k6x,29.78723404255319,47.87234042553192,22.340425531914892
8raylb,20.224719101123593,58.42696629213483,21.34831460674157
9i1rmy,33.33333333333333,35.35353535353536,31.313131313131315
ak7erh,36.0,52.0,12.0
limws9,35.1063829787234,32.97872340425532,31.914893617021278
7y0phb,30.337078651685395,47.19101123595505,22.47191011235955
mdmbm7,32.97872340425532,34.04255319148936,32.97872340425532
gpt795,14.736842105263156,45.26315789473684,40.0
m2rlni,43.956043956043956,39.56043956043956,16.483516483516482
8a848i,34.02061855670103,24.742268041237114,41.23711340206185
7omqmr,40.909090909090914,34.090909090909086,25.0
9lyzye,24.742268041237114,45.36082474226804,29.896907216494846
pbaocx,20.0,43.75,36.25
uhio5w,34.375,43.75,21.875
twtfgo,31.313131313131315,38.38383838383838,30.303030303030305
umfaym,31.57894736842105,41.05263157894737,27.368421052631582
ajkc4a,39.130434782608695,39.130434782608695,21.73913043478261
ktgxdj,28.723404255319153,38.297872340425535,32.97872340425532
uab0ql,48.421052631578945,31.57894736842105,20.0
jr8moq,39.56043956043956,46.15384615384615,14.285714285714285
koobh7,48.97959183673469,29.591836734693878,21.428571428571427
jvsoc8,17.20430107526882,37.634408602150536,45.16129032258064
uwwgf9,59.0,27.0,14.000000000000002
bm7x2d,28.26086956521739,48.91304347826087,22.82608695652174
jozvtm,39.361702127659576,43.61702127659575,17.02127659574468
8pj2rc,36.45833333333333,29.166666666666668,34.375
p0bzfh,50.0,39.361702127659576,10.638297872340425
trvbu3,59.183673469387756,23.46938775510204,17.346938775510203
jnirxw,35.0,37.0,28.000000000000004
owlov6,16.842105263157894,48.421052631578945,34.73684210526316
tt67j1,30.107526881720432,54.83870967741935,15.053763440860216
jizsf2,35.78947368421053,47.368421052631575,16.842105263157894
t50edx,38.38383838383838,37.37373737373738,24.242424242424242
krxnxu,19.791666666666664,31.25,48.95833333333333
d8tfpw,20.212765957446805,57.446808510638306,22.340425531914892
9ohb6r,29.166666666666668,31.25,39.58333333333333
tbywhd,50.0,32.0,18.0
86m1me,12.643678160919542,55.172413793103445,32.18390804597701
g7evuv,28.57142857142857,32.6530612244898,38.775510204081634
pz4tiq,42.857142857142854,33.6734693877551,23.46938775510204
ky45ys,37.11340206185567,44.329896907216494,18.556701030927837
h96qfn,15.0,49.0,36.0
np9m8k,18.947368421052634,35.78947368421053,45.26315789473684
fq3gta,49.0,28.999999999999996,22.0
7poiui,26.31578947368421,50.526315789473685,23.157894736842106
kfmubt,40.4040404040404,39.39393939393939,20.2020202020202
ds2smp,35.051546391752574,46.391752577319586,18.556701030927837
nen3in,27.906976744186046,41.86046511627907,30.23255813953488
au9mon,41.05263157894737,40.0,18.947368421052634
n507ug,28.865979381443296,47.42268041237113,23.711340206185564
9wvt4l,19.587628865979383,34.02061855670103,46.391752577319586
n46ltv,16.304347826086957,46.73913043478261,36.95652173913043
ug5mj6,36.17021276595745,30.851063829787233,32.97872340425532
gku0f4,31.46067415730337,34.831460674157306,33.70786516853933
amtsco,31.25,54.166666666666664,14.583333333333334
fm2nv8,28.865979381443296,43.29896907216495,27.835051546391753
cihwvy,28.26086956521739,35.869565217391305,35.869565217391305
j439g7,33.0,41.0,26.0
l1d2ko,24.210526315789473,31.57894736842105,44.21052631578947
j6x28v,45.744680851063826,37.234042553191486,17.02127659574468
egtmdp,27.835051546391753,29.896907216494846,42.2680412371134
7hsfxh,37.634408602150536,39.784946236559136,22.58064516129032
9rur1d,41.83673469387755,34.69387755102041,23.46938775510204
5njj2x,17.894736842105264,42.10526315789473,40.0
hv8nud,22.68041237113402,49.48453608247423,27.835051546391753
i5fifd,36.84210526315789,33.68421052631579,29.47368421052631
p1oyj0,46.875,40.625,12.5
kyrz3n,47.674418604651166,38.372093023255815,13.953488372093023
kzu3f8,15.306122448979592,62.244897959183675,22.448979591836736
hjwwxh,34.40860215053764,45.16129032258064,20.43010752688172
lxplgl,20.212765957446805,42.5531914893617,37.234042553191486
7wd8bx,48.86363636363637,37.5,13.636363636363635
kdstuu,48.31460674157304,29.213483146067414,22.47191011235955
dfs4jw,36.26373626373626,43.956043956043956,19.78021978021978
aqqn1l,19.587628865979383,48.45360824742268,31.958762886597935
7rkphn,24.46808510638298,44.680851063829785,30.851063829787233
fhfg5g,51.041666666666664,29.166666666666668,19.791666666666664
k81dvi,24.0,52.0,24.0
gr3e3q,52.68817204301075,25.806451612903224,21.50537634408602
8y4eg8,15.053763440860216,40.86021505376344,44.086021505376344
mjwo45,17.97752808988764,49.43820224719101,32.58426966292135
rxjkp0,35.78947368421053,43.15789473684211,21.052631578947366
a5uz2j,28.723404255319153,45.744680851063826,25.53191489361702
j55ia6,52.12765957446809,23.404255319148938,24.46808510638298
i7z7q3,25.0,47.91666666666667,27.083333333333332
htg9hi,41.11111111111111,46.666666666666664,12.222222222222221
dgugms,47.25274725274725,40.65934065934066,12.087912087912088
fa4pcg,42.2680412371134,39.175257731958766,18.556701030927837
uydosg,66.3157894736842,16.842105263157894,16.842105263157894
kirtyx,55.78947368421052,28.421052631578945,15.789473684210526
ku6jdx,41.05263157894737,33.68421052631579,25.263157894736842
frvf63,26.041666666666668,39.58333333333333,34.375
jevstg,46.06741573033708,33.70786516853933,20.224719101123593
krue9q,52.0,38.0,10.0
kx9xx9,45.05494505494506,39.56043956043956,15.384615384615385
nhfgi4,53.191489361702125,30.851063829787233,15.957446808510639
rclgqm,45.16129032258064,32.25806451612903,22.58064516129032
jopehs,33.33333333333333,36.55913978494624,30.107526881720432
6a8ji6,34.375,40.625,25.0
9ymdm6,28.865979381443296,44.329896907216494,26.804123711340207
j3oj21,21.0,50.0,28.999999999999996
8d718w,40.0,36.666666666666664,23.333333333333332
7bksmz,23.958333333333336,31.25,44.79166666666667
fgyjdl,36.84210526315789,34.73684210526316,28.421052631578945
kqkz7j,25.0,48.91304347826087,26.08695652173913
i75knz,54.94505494505495,28.57142857142857,16.483516483516482
gv9q5m,38.297872340425535,32.97872340425532,28.723404255319153
gde0p0,21.11111111111111,31.11111111111111,47.77777777777778
7e6myv,42.391304347826086,33.69565217391305,23.91304347826087
mhdazy,34.0,39.0,27.0
uxz8eh,53.06122448979592,22.448979591836736,24.489795918367346
ct25ja,41.935483870967744,38.70967741935484,19.35483870967742
6fl9em,27.368421052631582,36.84210526315789,35.78947368421053
kwqbtc,25.274725274725274,43.956043956043956,30.76923076923077
9uhpwq,51.08695652173913,33.69565217391305,15.217391304347828
7q67a1,53.0,27.0,20.0
84gull,15.053763440860216,50.53763440860215,34.40860215053764
hi0mpr,38.0,27.0,35.0
99y9h6,29.03225806451613,26.881720430107524,44.086021505376344
uhovij,29.47368421052631,38.94736842105263,31.57894736842105
hnryju,44.680851063829785,46.808510638297875,8.51063829787234
ix8x2m,24.742268041237114,43.29896907216495,31.958762886597935
hg5kj3,52.04081632653062,26.53061224489796,21.428571428571427
7iml84,38.54166666666667,37.5,23.958333333333336
onryy4,39.130434782608695,41.30434782608695,19.565217391304348
7qxwfc,35.55555555555556,30.0,34.44444444444444
jtnha1,16.483516483516482,42.857142857142854,40.65934065934066
kd3uem,60.43956043956044,20.87912087912088,18.681318681318682
gshine,57.99999999999999,24.0,18.0
7abp34,47.77777777777778,38.88888888888889,13.333333333333334
63mho1,25.555555555555554,34.44444444444444,40.0
nzpdwg,14.736842105263156,40.0,45.26315789473684
jgupvk,28.57142857142857,43.87755102040816,27.55102040816326
o73bez,42.42424242424242,39.39393939393939,18.181818181818183
n0i78m,18.556701030927837,44.329896907216494,37.11340206185567
kulsf1,34.73684210526316,37.89473684210527,27.368421052631582
igy0bf,22.0,46.0,32.0
9kpeal,18.085106382978726,41.48936170212766,40.42553191489361
7g81p4,30.851063829787233,37.234042553191486,31.914893617021278
9qzow5,35.78947368421053,49.473684210526315,14.736842105263156
meb0h7,52.63157894736842,31.57894736842105,15.789473684210526
jadfuu,27.27272727272727,48.484848484848484,24.242424242424242
o5qm30,58.06451612903226,23.655913978494624,18.27956989247312
6bd7p6,33.6734693877551,38.775510204081634,27.55102040816326
q3x8qe,44.329896907216494,37.11340206185567,18.556701030927837
ka1wdq,30.526315789473685,35.78947368421053,33.68421052631579
dqr12l,25.252525252525253,43.43434343434344,31.313131313131315
gxsdi4,51.06382978723404,35.1063829787234,13.829787234042554
b8joz9,38.88888888888889,34.44444444444444,26.666666666666668
po8g7d,33.6734693877551,31.63265306122449,34.69387755102041
kp1v9g,19.19191919191919,59.59595959595959,21.21212121212121
9zjq8d,24.0,34.0,42.0
iobdb9,26.041666666666668,57.291666666666664,16.666666666666664
hrrw53,52.68817204301075,29.03225806451613,18.27956989247312
5m863w,52.12765957446809,25.53191489361702,22.340425531914892
jgzyyv,31.57894736842105,40.0,28.421052631578945
741whn,24.705882352941178,38.82352941176471,36.470588235294116
b430pk,41.66666666666667,31.25,27.083333333333332
j7wrmo,44.44444444444444,43.43434343434344,12.121212121212121
k6meow,38.0,41.0,21.0
im5jfq,42.70833333333333,34.375,22.916666666666664
9isnux,44.44444444444444,31.11111111111111,24.444444444444443
jgi858,46.391752577319586,37.11340206185567,16.49484536082474
bwc1z0,25.806451612903224,49.46236559139785,24.731182795698924
usavnu,48.95833333333333,38.54166666666667,12.5
gvz6y7,47.5609756097561,36.58536585365854,15.853658536585366
siyk6h,18.947368421052634,54.736842105263165,26.31578947368421
hc33fu,55.91397849462365,29.03225806451613,15.053763440860216
t51gp3,26.08695652173913,55.434782608695656,18.478260869565215
iuox0f,53.76344086021505,26.881720430107524,19.35483870967742
7jmacm,43.82022471910113,39.325842696629216,16.853932584269664
85fnfg,37.89473684210527,26.31578947368421,35.78947368421053
hir1vd,29.78723404255319,42.5531914893617,27.659574468085108
kvdt9b,58.06451612903226,25.806451612903224,16.129032258064516
j8pon4,30.0,38.0,32.0
jzsws3,32.608695652173914,38.04347826086957,29.347826086956523
hllbq3,35.78947368421053,53.68421052631579,10.526315789473683
jptqj9,23.0,46.0,31.0
kei83r,15.384615384615385,38.46153846153847,46.15384615384615
8uvotk,18.947368421052634,51.578947368421055,29.47368421052631
ecmy35,38.70967741935484,36.55913978494624,24.731182795698924
839555,36.666666666666664,45.55555555555556,17.77777777777778
dpge0u,41.30434782608695,40.21739130434783,18.478260869565215
uh4y88,32.0,28.999999999999996,39.0
baa5gj,30.303030303030305,42.42424242424242,27.27272727272727
9hows8,55.0561797752809,32.58426966292135,12.359550561797752
l6n1uq,62.88659793814433,19.587628865979383,17.525773195876287
j3usil,30.851063829787233,44.680851063829785,24.46808510638298
j47wkl,31.57894736842105,46.31578947368421,22.105263157894736
hga4m2,29.411764705882355,42.35294117647059,28.235294117647058
eia3gq,26.595744680851062,37.234042553191486,36.17021276595745
oebsfi,46.808510638297875,32.97872340425532,20.212765957446805
oy0211,33.33333333333333,40.4040404040404,26.262626262626267
loyuyk,25.53191489361702,28.723404255319153,45.744680851063826
oz53h8,22.448979591836736,41.83673469387755,35.714285714285715
i21npo,49.494949494949495,35.35353535353536,15.151515151515152
9coyg1,25.0,44.79166666666667,30.208333333333332
gw4ufr,43.47826086956522,33.69565217391305,22.82608695652174
c2klmn,24.210526315789473,40.0,35.78947368421053
j12gh1,35.78947368421053,44.21052631578947,20.0
uthxkw,31.57894736842105,33.68421052631579,34.73684210526316
83xzw5,15.730337078651685,37.07865168539326,47.19101123595505
kzx6wp,12.121212121212121,43.43434343434344,44.44444444444444
lwbs6f,29.347826086956523,46.73913043478261,23.91304347826087
ungfd8,33.33333333333333,35.35353535353536,31.313131313131315
bzfuhe,19.19191919191919,43.43434343434344,37.37373737373738
dfn3yi,29.03225806451613,45.16129032258064,25.806451612903224
kutx2a,31.521739130434785,34.78260869565217,33.69565217391305
4ycwti,29.78723404255319,35.1063829787234,35.1063829787234
97shx3,17.894736842105264,33.68421052631579,48.421052631578945
81g4wq,24.444444444444443,53.333333333333336,22.22222222222222
6die4y,33.33333333333333,37.634408602150536,29.03225806451613
ailvww,40.44943820224719,40.44943820224719,19.101123595505616
my7t1q,52.12765957446809,35.1063829787234,12.76595744680851
fwjj51,21.27659574468085,46.808510638297875,31.914893617021278
md5o1b,21.875,43.75,34.375
h0oso5,59.13978494623656,27.956989247311824,12.903225806451612
hunmac,48.93617021276596,38.297872340425535,12.76595744680851
fo6i53,19.587628865979383,52.57731958762887,27.835051546391753
jadmis,31.63265306122449,33.6734693877551,34.69387755102041
buy2t8,33.69565217391305,44.565217391304344,21.73913043478261
lp73rh,39.56043956043956,34.065934065934066,26.373626373626376
a5zya6,56.56565656565656,32.323232323232325,11.11111111111111
scejd2,29.292929292929294,32.323232323232325,38.38383838383838
qvoevi,39.784946236559136,34.40860215053764,25.806451612903224
m2e6uq,18.681318681318682,48.35164835164835,32.967032967032964
i62w9v,52.63157894736842,34.73684210526316,12.631578947368421
h8gp26,47.0,30.0,23.0
9qkz24,24.46808510638298,54.25531914893617,21.27659574468085
g7s31c,30.927835051546392,47.42268041237113,21.649484536082475
8u3dh8,42.857142857142854,31.868131868131865,25.274725274725274
aezedn,44.0,28.999999999999996,27.0
l8txkg,52.80898876404494,29.213483146067414,17.97752808988764
j2xug9,47.368421052631575,36.84210526315789,15.789473684210526
64r965,10.309278350515463,37.11340206185567,52.57731958762887
g7hxy8,38.54166666666667,41.66666666666667,19.791666666666664
grlimg,50.0,23.404255319148938,26.595744680851062
cud9ux,25.510204081632654,57.14285714285714,17.346938775510203
q56fsb,40.0,42.0,18.0
rlqqhk,13.684210526315791,38.94736842105263,47.368421052631575
8n93wl,44.565217391304344,40.21739130434783,15.217391304347828
gqv5ha,67.0,24.0,9.0
ivh8ka,26.804123711340207,35.051546391752574,38.144329896907216
guuv32,39.175257731958766,40.20618556701031,20.618556701030926
dt2aqp,34.34343434343434,44.44444444444444,21.21212121212121
gs8z4y,44.0,37.0,19.0
66vx6j,18.367346938775512,39.795918367346935,41.83673469387755
llshgj,30.0,41.0,28.999999999999996
e6fysa,35.869565217391305,34.78260869565217,29.347826086956523
tkcgdr,27.835051546391753,35.051546391752574,37.11340206185567
lflb8j,40.21739130434783,33.69565217391305,26.08695652173913
aej627,46.391752577319586,36.08247422680412,17.525773195876287
v6bdqm,29.166666666666668,41.66666666666667,29.166666666666668
t6j8ay,44.086021505376344,30.107526881720432,25.806451612903224
r1uqk0,43.29896907216495,35.051546391752574,21.649484536082475
g94vfg,38.88888888888889,32.22222222222222,28.888888888888886
jsdbbr,30.23255813953488,27.906976744186046,41.86046511627907
mwfkb0,44.680851063829785,41.48936170212766,13.829787234042554
obs6or,34.375,35.41666666666667,30.208333333333332
5w9lyf,41.30434782608695,31.521739130434785,27.173913043478258
7o6dj4,39.795918367346935,33.6734693877551,26.53061224489796
d1ue16,15.0,53.0,32.0
m0o85f,48.23529411764706,38.82352941176471,12.941176470588237
puk4r1,35.1063829787234,41.48936170212766,23.404255319148938
henj8h,44.0,37.0,19.0
h7p48s,44.89795918367347,36.734693877551024,18.367346938775512
em8l2c,26.881720430107524,45.16129032258064,27.956989247311824
jamlsg,16.304347826086957,46.73913043478261,36.95652173913043
v6tiu7,33.33333333333333,32.323232323232325,34.34343434343434
dozu5d,24.210526315789473,41.05263157894737,34.73684210526316
g0j95q,40.0,37.89473684210527,22.105263157894736
84aebi,23.958333333333336,37.5,38.54166666666667
uetl8w,32.0,48.0,20.0
gd2sru,56.25,27.083333333333332,16.666666666666664
bw1jcc,34.0,42.0,24.0
699700,21.649484536082475,48.45360824742268,29.896907216494846
lbtdeu,31.63265306122449,45.91836734693878,22.448979591836736
knyqp5,28.28282828282828,31.313131313131315,40.4040404040404
9wphek,24.46808510638298,52.12765957446809,23.404255319148938
kvpuwz,31.25,42.70833333333333,26.041666666666668
jjvm2a,31.63265306122449,35.714285714285715,32.6530612244898
og7unr,32.608695652173914,35.869565217391305,31.521739130434785
ic5otm,42.70833333333333,36.45833333333333,20.833333333333336
5w4ga4,28.421052631578945,44.21052631578947,27.368421052631582
hhbve8,53.191489361702125,32.97872340425532,13.829787234042554
k0h1d8,48.31460674157304,34.831460674157306,16.853932584269664
b2lvmd,43.47826086956522,42.391304347826086,14.130434782608695
4mgr22,11.578947368421053,33.68421052631579,54.736842105263165
kv1ton,63.85542168674698,25.301204819277107,10.843373493975903
7u1g43,38.88888888888889,48.888888888888886,12.222222222222221
h8clp5,39.784946236559136,37.634408602150536,22.58064516129032
fqu6qc,32.323232323232325,44.44444444444444,23.232323232323232
j64sh7,34.02061855670103,49.48453608247423,16.49484536082474
jv5n0f,10.344827586206897,31.03448275862069,58.620689655172406
ktuor0,38.63636363636363,45.45454545454545,15.909090909090908
kw2mmw,27.173913043478258,34.78260869565217,38.04347826086957
nyltua,30.107526881720432,46.236559139784944,23.655913978494624
n1cujh,28.57142857142857,27.472527472527474,43.956043956043956
84cz1f,41.935483870967744,38.70967741935484,19.35483870967742
jp6djf,29.67032967032967,40.65934065934066,29.67032967032967
mc488c,27.173913043478258,54.347826086956516,18.478260869565215
j27bav,10.526315789473683,31.57894736842105,57.89473684210527
b920dw,34.065934065934066,47.25274725274725,18.681318681318682
hixupg,32.631578947368425,38.94736842105263,28.421052631578945
kwhby5,39.361702127659576,39.361702127659576,21.27659574468085
lb6g0u,15.909090909090908,51.13636363636363,32.95454545454545
sf99dg,15.306122448979592,43.87755102040816,40.816326530612244
kvywvm,28.999999999999996,44.0,27.0
mfzs1k,32.97872340425532,44.680851063829785,22.340425531914892
dp5lr1,38.46153846153847,45.05494505494506,16.483516483516482
7n8lz5,20.0,51.578947368421055,28.421052631578945
fwqqqn,37.77777777777778,33.33333333333333,28.888888888888886
ceu25h,32.29166666666667,31.25,36.45833333333333
ds1m4y,22.22222222222222,44.44444444444444,33.33333333333333
u697vs,45.36082474226804,31.958762886597935,22.68041237113402
lg585w,35.41666666666667,40.625,23.958333333333336
lr3xap,55.434782608695656,33.69565217391305,10.869565217391305
hb531k,33.68421052631579,43.15789473684211,23.157894736842106
j6r0jh,33.0,41.0,26.0
7vnz46,41.30434782608695,32.608695652173914,26.08695652173913
jxctxm,36.7816091954023,32.18390804597701,31.03448275862069
uyjqsw,50.54945054945055,40.65934065934066,8.791208791208792
tcghzy,57.608695652173914,29.347826086956523,13.043478260869565
cqkl16,47.87234042553192,36.17021276595745,15.957446808510639
gy3duv,48.45360824742268,28.865979381443296,22.68041237113402
ju0wvm,51.041666666666664,31.25,17.708333333333336
hhi5hk,25.806451612903224,43.01075268817204,31.182795698924732
j6c4ir,27.0,30.0,43.0
faje8o,22.82608695652174,48.91304347826087,28.26086956521739
gt84e7,44.31818181818182,34.090909090909086,21.59090909090909
n737yl,70.0,12.222222222222221,17.77777777777778
69dwrw,32.967032967032964,49.45054945054945,17.582417582417584
pfs1rm,33.68421052631579,44.21052631578947,22.105263157894736
t1b59c,33.70786516853933,30.337078651685395,35.95505617977528
jkjuvb,28.000000000000004,40.0,32.0
ge281o,31.868131868131865,39.56043956043956,28.57142857142857
f2iqaw,10.204081632653061,37.755102040816325,52.04081632653062
7x1mc1,37.755102040816325,29.591836734693878,32.6530612244898
ejiqi1,43.75,37.5,18.75
79v2cg,26.373626373626376,41.75824175824176,31.868131868131865
n7xrzd,26.804123711340207,30.927835051546392,42.2680412371134
c6z9np,42.10526315789473,28.421052631578945,29.47368421052631
fdedg1,21.11111111111111,47.77777777777778,31.11111111111111
os7mcu,38.20224719101123,32.58426966292135,29.213483146067414
gx48vs,47.87234042553192,29.78723404255319,22.340425531914892
k8rn6b,46.808510638297875,40.42553191489361,12.76595744680851
syrhn4,30.303030303030305,39.39393939393939,30.303030303030305
l5cgoh,38.94736842105263,36.84210526315789,24.210526315789473
a34eou,41.05263157894737,40.0,18.947368421052634
f8tz5z,42.10526315789473,35.78947368421053,22.105263157894736
r60k79,31.521739130434785,41.30434782608695,27.173913043478258
pa038l,20.0,35.78947368421053,44.21052631578947
ukesb5,33.69565217391305,40.21739130434783,26.08695652173913
any2u8,38.63636363636363,38.63636363636363,22.727272727272727
mqn76f,50.505050505050505,30.303030303030305,19.19191919191919
a203bi,10.869565217391305,57.608695652173914,31.521739130434785
hdx2u7,41.48936170212766,30.851063829787233,27.659574468085108
tbdm1k,44.0,34.0,22.0
lpyl4e,66.66666666666666,20.2020202020202,13.131313131313133
efihp6,33.0,36.0,31.0
p8c815,37.755102040816325,36.734693877551024,25.510204081632654
ganafx,35.78947368421053,42.10526315789473,22.105263157894736
ml91jc,39.77272727272727,39.77272727272727,20.454545454545457
aprmgv,38.54166666666667,38.54166666666667,22.916666666666664
py66uj,30.107526881720432,38.70967741935484,31.182795698924732
95cbxq,47.674418604651166,34.883720930232556,17.441860465116278
sx6b0o,35.714285714285715,36.734693877551024,27.55102040816326
txkgdp,32.29166666666667,45.83333333333333,21.875
hskipr,11.224489795918368,29.591836734693878,59.183673469387756
h9e0ij,50.53763440860215,38.70967741935484,10.75268817204301
mv0fzt,30.208333333333332,44.79166666666667,25.0
77iqr8,46.236559139784944,30.107526881720432,23.655913978494624
5fng68,26.25,41.25,32.5
drz57r,13.829787234042554,39.361702127659576,46.808510638297875
kihr3i,45.26315789473684,28.421052631578945,26.31578947368421
nw9jsh,25.0,36.36363636363637,38.63636363636363
aaa576,44.680851063829785,34.04255319148936,21.27659574468085
u2ppzy,29.78723404255319,38.297872340425535,31.914893617021278
7vkb01,34.78260869565217,39.130434782608695,26.08695652173913
hqpos5,36.45833333333333,38.54166666666667,25.0
9yspf8,21.50537634408602,49.46236559139785,29.03225806451613
cqowcz,42.391304347826086,40.21739130434783,17.391304347826086
qzmzlq,26.595744680851062,30.851063829787233,42.5531914893617
ca0qkf,26.595744680851062,43.61702127659575,29.78723404255319
7fwv10,27.368421052631582,40.0,32.631578947368425
rfs849,45.83333333333333,29.166666666666668,25.0
qxm3nu,32.0,39.0,28.999999999999996
t2ek5q,17.525773195876287,51.546391752577314,30.927835051546392
hwrfy8,22.22222222222222,38.38383838383838,39.39393939393939
v6w4i7,61.29032258064516,24.731182795698924,13.978494623655912
jb2ujn,19.19191919191919,55.55555555555556,25.252525252525253
hfa7a7,38.54166666666667,44.79166666666667,16.666666666666664
kymlmu,55.10204081632652,34.69387755102041,10.204081632653061
h0a8uw,36.17021276595745,38.297872340425535,25.53191489361702
fsd22s,11.458333333333332,27.083333333333332,61.458333333333336
t003vl,47.0,36.0,17.0
ak1aqz,20.0,30.0,50.0
d3dn07,39.795918367346935,33.6734693877551,26.53061224489796
i4ao0k,45.36082474226804,31.958762886597935,22.68041237113402
ktenem,32.98969072164948,45.36082474226804,21.649484536082475
8bdci4,14.772727272727273,51.13636363636363,34.090909090909086
b669ki,32.97872340425532,45.744680851063826,21.27659574468085
kt0cdl,45.05494505494506,37.362637362637365,17.582417582417584
ni70er,44.18604651162791,30.23255813953488,25.581395348837212
7zfu29,26.08695652173913,36.95652173913043,36.95652173913043
5vznv8,34.04255319148936,42.5531914893617,23.404255319148938
mnf41a,33.33333333333333,39.58333333333333,27.083333333333332
m5smf2,25.773195876288657,39.175257731958766,35.051546391752574
lq5bcn,40.42553191489361,38.297872340425535,21.27659574468085
m7zo4g,34.40860215053764,45.16129032258064,20.43010752688172
cdky3s,27.55102040816326,55.10204081632652,17.346938775510203
v3gj7j,41.41414141414141,36.36363636363637,22.22222222222222
pojloo,51.546391752577314,25.773195876288657,22.68041237113402
7aqilp,33.68421052631579,40.0,26.31578947368421
mod9oy,50.53763440860215,33.33333333333333,16.129032258064516
hqvhgt,26.804123711340207,25.773195876288657,47.42268041237113
9kgw12,25.806451612903224,38.70967741935484,35.483870967741936
gsx15s,53.93258426966292,30.337078651685395,15.730337078651685
k3yin8,32.97872340425532,45.744680851063826,21.27659574468085
iupxyp,34.40860215053764,45.16129032258064,20.43010752688172
fdx3e9,15.555555555555555,52.22222222222223,32.22222222222222
iakotg,31.0,50.0,19.0
izxmrt,35.78947368421053,42.10526315789473,22.105263157894736
hqkiev,58.76288659793815,25.773195876288657,15.463917525773196
huj081,41.30434782608695,35.869565217391305,22.82608695652174
eubjfc,35.35353535353536,40.4040404040404,24.242424242424242
ebqsxw,28.865979381443296,40.20618556701031,30.927835051546392
7d4sk6,18.681318681318682,43.956043956043956,37.362637362637365
ljojxc,27.368421052631582,46.31578947368421,26.31578947368421
7kw1yv,22.105263157894736,49.473684210526315,28.421052631578945
ay4obs,48.421052631578945,23.157894736842106,28.421052631578945
n93gqc,25.0,41.66666666666667,33.33333333333333
8n14rc,41.05263157894737,37.89473684210527,21.052631578947366
l244si,46.875,34.375,18.75
hr7vza,38.88888888888889,40.0,21.11111111111111
awa7p2,32.608695652173914,46.73913043478261,20.652173913043477
r1c65z,43.01075268817204,25.806451612903224,31.182795698924732
j8b9q3,55.55555555555556,30.303030303030305,14.14141414141414
ekxuyh,38.88888888888889,40.0,21.11111111111111
imtu8g,28.865979381443296,31.958762886597935,39.175257731958766
72xfdb,12.5,45.83333333333333,41.66666666666667
gin551,60.215053763440864,29.03225806451613,10.75268817204301
ho3trn,32.58426966292135,35.95505617977528,31.46067415730337
rrkb56,31.914893617021278,40.42553191489361,27.659574468085108
hk4rqd,33.68421052631579,45.26315789473684,21.052631578947366
j0zqzu,41.23711340206185,39.175257731958766,19.587628865979383
gfujym,27.659574468085108,42.5531914893617,29.78723404255319
un8lds,27.083333333333332,38.54166666666667,34.375
k2ni53,21.50537634408602,54.83870967741935,23.655913978494624
ke8wcg,30.303030303030305,30.303030303030305,39.39393939393939
lbzr1n,43.15789473684211,43.15789473684211,13.684210526315791
laun1r,34.73684210526316,38.94736842105263,26.31578947368421
7sostj,44.086021505376344,32.25806451612903,23.655913978494624
kv856s,39.795918367346935,32.6530612244898,27.55102040816326
d3bozq,25.806451612903224,52.68817204301075,21.50537634408602
a6iz22,30.526315789473685,34.73684210526316,34.73684210526316
htivh2,41.05263157894737,33.68421052631579,25.263157894736842
js6oz0,29.03225806451613,45.16129032258064,25.806451612903224
cre2rn,49.473684210526315,33.68421052631579,16.842105263157894
feul6h,46.15384615384615,38.46153846153847,15.384615384615385
ecdgbr,24.210526315789473,43.15789473684211,32.631578947368425
gvxtrf,45.65217391304348,30.434782608695656,23.91304347826087
jmsp94,29.78723404255319,46.808510638297875,23.404255319148938
oaxr71,45.55555555555556,43.333333333333336,11.11111111111111
nltq56,14.000000000000002,35.0,51.0
o6jyja,33.70786516853933,43.82022471910113,22.47191011235955
h7oati,35.16483516483517,45.05494505494506,19.78021978021978
qoxici,55.91397849462365,27.956989247311824,16.129032258064516
