iva4k3,26.0,40.0,34.0
bda5vs,24.210526315789473,51.578947368421055,24.210526315789473
8ucmd7,21.34831460674157,51.68539325842697,26.96629213483146
llio5y,44.329896907216494,35.051546391752574,20.618556701030926
liqvh2,28.999999999999996,47.0,24.0
6ilnac,18.75,47.91666666666667,33.33333333333333
h9kr11,12.0,56.99999999999999,31.0
m9jmb4,42.0,39.0,19.0
nproub,56.470588235294116,25.882352941176475,17.647058823529413
ptaanl,24.742268041237114,41.23711340206185,34.02061855670103
q1y386,29.78723404255319,41.48936170212766,28.723404255319153
a4enl9,33.70786516853933,28.08988764044944,38.20224719101123
j4ggya,55.00000000000001,31.0,14.000000000000002
nmbbgp,37.5,47.72727272727273,14.772727272727273
hcnmhh,41.0,42.0,17.0
j9499a,14.606741573033707,39.325842696629216,46.06741573033708
ic8e5n,28.000000000000004,42.0,30.0
i4ro5s,21.428571428571427,40.816326530612244,37.755102040816325
95b25x,24.175824175824175,46.15384615384615,29.67032967032967
p0e9tj,47.0,40.0,13.0
mqjqm5,35.0,43.0,22.0
9022wd,21.052631578947366,52.63157894736842,26.31578947368421
m5jn5s,31.63265306122449,37.755102040816325,30.612244897959183
f1img2,48.484848484848484,36.36363636363637,15.151515151515152
iuwcgp,37.0,40.0,23.0
5sdr6j,29.292929292929294,44.44444444444444,26.262626262626267
6lu2m4,26.041666666666668,48.95833333333333,25.0
7xeeze,33.33333333333333,54.166666666666664,12.5
crlikr,41.935483870967744,33.33333333333333,24.731182795698924
lsoqkf,21.73913043478261,46.73913043478261,31.521739130434785
f0imeh,49.0,32.0,19.0
q1mnkw,24.742268041237114,53.608247422680414,21.649484536082475
7qpq3u,44.680851063829785,36.17021276595745,19.148936170212767
em3poy,55.55555555555556,30.303030303030305,14.14141414141414
kwua1n,33.33333333333333,41.41414141414141,25.252525252525253
l9ixss,18.0,48.0,34.0
7cfhgg,30.208333333333332,44.79166666666667,25.0
qkfk63,35.35353535353536,31.313131313131315,33.33333333333333
uvcsds,44.89795918367347,29.591836734693878,25.510204081632654
mmmb68,41.0,46.0,13.0
mn4h3t,27.0,51.0,22.0
r9v4wa,20.689655172413794,43.67816091954023,35.63218390804598
8oq62o,26.0,49.0,25.0
tcsvsn,27.0,54.0,19.0
ll7ktz,28.000000000000004,52.0,20.0
mja02e,34.78260869565217,43.47826086956522,21.73913043478261
8dba2x,45.0,40.0,15.0
7lwsw3,46.808510638297875,39.361702127659576,13.829787234042554
tbc3jb,38.0,39.0,23.0
6idfl0,21.978021978021978,51.64835164835166,26.373626373626376
ues5vz,38.04347826086957,46.73913043478261,15.217391304347828
64sw45,34.04255319148936,41.48936170212766,24.46808510638298
sdejxx,30.526315789473685,44.21052631578947,25.263157894736842
ue1tr5,24.242424242424242,57.57575757575758,18.181818181818183
9xrdj2,58.94736842105262,29.47368421052631,11.578947368421053
huv90d,45.26315789473684,36.84210526315789,17.894736842105264
gj4nqh,31.958762886597935,45.36082474226804,22.68041237113402
c82at0,23.0,56.99999999999999,20.0
7vognj,25.274725274725274,40.65934065934066,34.065934065934066
goxj4g,32.0,48.0,20.0
68fcab,26.136363636363637,47.72727272727273,26.136363636363637
jok2j1,24.0,45.0,31.0
o4ax3c,25.773195876288657,52.57731958762887,21.649484536082475
7xm3fq,33.0,45.0,22.0
6tlk99,45.83333333333333,34.375,19.791666666666664
ae7j57,31.57894736842105,35.78947368421053,32.631578947368425
flip16,31.818181818181817,43.18181818181818,25.0
93vmm4,37.234042553191486,40.42553191489361,22.340425531914892
8n92t8,50.526315789473685,36.84210526315789,12.631578947368421
70cxib,22.82608695652174,48.91304347826087,28.26086956521739
j3dhf4,48.45360824742268,32.98969072164948,18.556701030927837
5hr3th,20.0,42.0,38.0
mkoedj,35.63218390804598,34.48275862068966,29.88505747126437
pjuorm,66.66666666666666,20.2020202020202,13.131313131313133
urwr8o,52.63157894736842,32.631578947368425,14.736842105263156
6h7xja,17.142857142857142,74.28571428571429,8.571428571428571
86k1df,22.916666666666664,52.083333333333336,25.0
m7vbdp,19.565217391304348,53.2608695652174,27.173913043478258
o2qzc3,16.0,46.0,38.0
7wa1n4,31.25,51.041666666666664,17.708333333333336
clj037,38.88888888888889,42.22222222222222,18.88888888888889
5obw53,23.0,50.0,27.0
9dvg12,25.0,55.434782608695656,19.565217391304348
imzjgx,20.0,61.0,19.0
4w54a2,22.0,57.99999999999999,20.0
ml9tlr,25.0,59.523809523809526,15.476190476190476
mwxbyk,37.37373737373738,36.36363636363637,26.262626262626267
qr9k2j,48.93617021276596,32.97872340425532,18.085106382978726
q86dk0,41.83673469387755,38.775510204081634,19.387755102040817
hqzg7x,31.63265306122449,46.93877551020408,21.428571428571427
m3gl3y,31.63265306122449,33.6734693877551,34.69387755102041
sf4uc0,13.131313131313133,48.484848484848484,38.38383838383838
qupb2k,19.0,52.0,28.999999999999996
5i3z62,36.08247422680412,45.36082474226804,18.556701030927837
5k7wxw,24.0,42.0,34.0
lbl6kd,18.0,52.0,30.0
i584nl,32.6530612244898,38.775510204081634,28.57142857142857
7dij0t,35.41666666666667,41.66666666666667,22.916666666666664
dwhcfz,36.0,43.0,21.0
mgmqza,31.63265306122449,46.93877551020408,21.428571428571427
o24ych,24.0,56.00000000000001,20.0
97b7ai,35.714285714285715,31.63265306122449,32.6530612244898
bdurtt,42.0,47.0,11.0
iy3br8,35.0,42.0,23.0
j2mnbk,16.0,57.99999999999999,26.0
erwlza,33.33333333333333,39.39393939393939,27.27272727272727
7jx5td,27.586206896551722,56.32183908045977,16.091954022988507
trxfcy,28.865979381443296,40.20618556701031,30.927835051546392
c9fn68,31.57894736842105,46.31578947368421,22.105263157894736
o0fipl,31.521739130434785,45.65217391304348,22.82608695652174
8suhhk,26.31578947368421,53.68421052631579,20.0
lcjraq,27.0,54.0,19.0
8sg0sj,41.11111111111111,43.333333333333336,15.555555555555555
rfs244,34.34343434343434,47.474747474747474,18.181818181818183
ksnq2n,42.0,35.0,23.0
rhwf2i,52.57731958762887,29.896907216494846,17.525773195876287
7yjgwh,18.0,49.0,33.0
7p4drn,16.470588235294116,47.05882352941176,36.470588235294116
afmp7f,26.041666666666668,46.875,27.083333333333332
69lhk3,40.42553191489361,40.42553191489361,19.148936170212767
7suft1,19.54022988505747,54.02298850574713,26.436781609195403
m8762d,54.0,31.0,15.0
7to0wy,35.55555555555556,43.333333333333336,21.11111111111111
7szhgm,27.173913043478258,40.21739130434783,32.608695652173914
5ssl8y,28.125,59.375,12.5
e10umn,32.608695652173914,48.91304347826087,18.478260869565215
udkto6,26.31578947368421,43.15789473684211,30.526315789473685
6cgr3h,46.93877551020408,26.53061224489796,26.53061224489796
m2s7u9,20.0,52.0,28.000000000000004
dxnd5n,26.804123711340207,46.391752577319586,26.804123711340207
ow2hsv,51.08695652173913,28.26086956521739,20.652173913043477
5kmshn,22.340425531914892,55.319148936170215,22.340425531914892
o90oqz,39.56043956043956,37.362637362637365,23.076923076923077
suni4n,26.804123711340207,45.36082474226804,27.835051546391753
blh72g,26.041666666666668,45.83333333333333,28.125
awpu5g,20.0,53.0,27.0
nzvpbe,26.262626262626267,43.43434343434344,30.303030303030305
s8qxu3,27.586206896551722,39.08045977011494,33.33333333333333
alpp8e,17.582417582417584,49.45054945054945,32.967032967032964
ocx0yf,41.0,32.0,27.0
gqg53f,37.37373737373738,37.37373737373738,25.252525252525253
96rl4b,31.25,39.58333333333333,29.166666666666668
ojkea6,20.212765957446805,51.06382978723404,28.723404255319153
8kzq7k,39.784946236559136,45.16129032258064,15.053763440860216
jo0hzx,24.489795918367346,40.816326530612244,34.69387755102041
hjvvj7,28.999999999999996,59.0,12.0
twmupx,27.368421052631582,47.368421052631575,25.263157894736842
nmxncj,36.84210526315789,41.05263157894737,22.105263157894736
rdm91n,7.216494845360824,50.51546391752577,42.2680412371134
k4ayq4,28.999999999999996,44.0,27.0
90z33c,23.0,56.99999999999999,20.0
86dy1h,32.25806451612903,48.38709677419355,19.35483870967742
4z07o6,30.927835051546392,48.45360824742268,20.618556701030926
cxqqfq,22.0,56.99999999999999,21.0
cbpkk5,27.586206896551722,44.827586206896555,27.586206896551722
9vqazy,20.833333333333336,64.58333333333334,14.583333333333334
emh2vr,33.33333333333333,38.54166666666667,28.125
85b4dn,29.896907216494846,43.29896907216495,26.804123711340207
hvt0kg,43.15789473684211,32.631578947368425,24.210526315789473
62dv0w,35.1063829787234,41.48936170212766,23.404255319148938
aw6k28,19.54022988505747,50.57471264367817,29.88505747126437
nlizvz,28.57142857142857,50.0,21.428571428571427
e20q47,27.77777777777778,46.666666666666664,25.555555555555554
6rer6l,57.14285714285714,33.6734693877551,9.183673469387756
jyct48,45.83333333333333,36.45833333333333,17.708333333333336
lolvz2,43.0,33.0,24.0
9rz0rm,18.181818181818183,51.13636363636363,30.681818181818183
saib2p,36.08247422680412,42.2680412371134,21.649484536082475
9m5e1j,40.0,43.333333333333336,16.666666666666664
ppodyp,34.02061855670103,34.02061855670103,31.958762886597935
6y7rr3,39.0,38.0,23.0
6ygt06,14.583333333333334,45.83333333333333,39.58333333333333
sm9zvl,27.472527472527474,50.54945054945055,21.978021978021978
700xcc,8.0,54.0,38.0
ddtpop,17.346938775510203,59.183673469387756,23.46938775510204
mk9qfc,31.313131313131315,35.35353535353536,33.33333333333333
c2jp75,14.444444444444443,37.77777777777778,47.77777777777778
gu0bbz,51.041666666666664,41.66666666666667,7.291666666666667
a9zlxv,8.60215053763441,59.13978494623656,32.25806451612903
9kqpsr,20.833333333333336,56.25,22.916666666666664
7dlxxc,37.634408602150536,44.086021505376344,18.27956989247312
84imf1,28.57142857142857,45.91836734693878,25.510204081632654
fzkncp,13.978494623655912,56.98924731182796,29.03225806451613
fdzvg4,24.175824175824175,58.24175824175825,17.582417582417584
p6oire,30.851063829787233,41.48936170212766,27.659574468085108
l2whnq,35.714285714285715,38.775510204081634,25.510204081632654
6dnub2,16.853932584269664,58.42696629213483,24.719101123595504
ceut6s,28.000000000000004,56.00000000000001,16.0
7x8taz,22.448979591836736,51.02040816326531,26.53061224489796
8mzsj8,17.708333333333336,51.041666666666664,31.25
ceawpd,16.49484536082474,58.76288659793815,24.742268041237114
hg645o,35.41666666666667,46.875,17.708333333333336
5t46ur,15.053763440860216,59.13978494623656,25.806451612903224
96xl8e,23.958333333333336,48.95833333333333,27.083333333333332
9r1hbr,13.0,56.99999999999999,30.0
lycbd7,32.25806451612903,39.784946236559136,27.956989247311824
gvy1p6,45.0,38.0,17.0
gjya2f,39.784946236559136,40.86021505376344,19.35483870967742
i00xq0,27.27272727272727,49.494949494949495,23.232323232323232
j6kptl,48.421052631578945,28.421052631578945,23.157894736842106
nqzn1f,43.43434343434344,42.42424242424242,14.14141414141414
ns5t8v,27.835051546391753,45.36082474226804,26.804123711340207
8bicsf,19.0,62.0,19.0
jm475t,36.08247422680412,42.2680412371134,21.649484536082475
9l20wy,27.0,46.0,27.0
ky1pt3,40.0,46.0,14.000000000000002
8465f2,30.0,45.55555555555556,24.444444444444443
s39yeg,47.0,37.0,16.0
895jfb,34.065934065934066,41.75824175824176,24.175824175824175
enl7xo,14.736842105263156,52.63157894736842,32.631578947368425
7epgmr,26.0,42.0,32.0
pn0pht,15.151515151515152,51.515151515151516,33.33333333333333
7zqu83,31.0,27.0,42.0
rqru9h,53.76344086021505,31.182795698924732,15.053763440860216
ehpqh7,16.49484536082474,37.11340206185567,46.391752577319586
54tleo,39.175257731958766,39.175257731958766,21.649484536082475
eu22x4,46.0,32.0,22.0
75wajx,21.978021978021978,58.24175824175825,19.78021978021978
8ksvlt,22.105263157894736,50.526315789473685,27.368421052631582
hshj4s,45.744680851063826,27.659574468085108,26.595744680851062
9n9wu4,41.23711340206185,35.051546391752574,23.711340206185564
jneco3,22.340425531914892,38.297872340425535,39.361702127659576
hbjok2,48.421052631578945,33.68421052631579,17.894736842105264
ernoxf,17.525773195876287,43.29896907216495,39.175257731958766
he2c1b,29.292929292929294,36.36363636363637,34.34343434343434
ie3upi,30.0,54.0,16.0
m91ape,29.78723404255319,45.744680851063826,24.46808510638298
7ajz3p,43.61702127659575,37.234042553191486,19.148936170212767
u00e9d,36.17021276595745,43.61702127659575,20.212765957446805
8ol7mp,23.711340206185564,56.70103092783505,19.587628865979383
t7o3yz,37.11340206185567,46.391752577319586,16.49484536082474
b31b28,22.0,57.99999999999999,20.0
aggwi1,28.000000000000004,45.0,27.0
ht20rg,23.0,47.0,30.0
5mr96m,41.48936170212766,35.1063829787234,23.404255319148938
l526me,26.08695652173913,46.73913043478261,27.173913043478258
v369q9,21.0,45.0,34.0
fu8sz2,35.0,36.0,28.999999999999996
b8ax10,39.77272727272727,43.18181818181818,17.045454545454543
ifzgtl,33.33333333333333,45.45454545454545,21.21212121212121
6o4ids,40.816326530612244,40.816326530612244,18.367346938775512
hgxx1t,21.649484536082475,49.48453608247423,28.865979381443296
908fsr,42.2680412371134,40.20618556701031,17.525773195876287
but54x,25.274725274725274,39.56043956043956,35.16483516483517
lco8ha,29.166666666666668,42.70833333333333,28.125
5wair1,40.0,38.0,22.0
c9u7fz,40.20618556701031,43.29896907216495,16.49484536082474
7in9jo,26.595744680851062,44.680851063829785,28.723404255319153
l7oix2,20.0,54.0,26.0
o7nbku,38.46153846153847,41.75824175824176,19.78021978021978
7511p5,27.956989247311824,43.01075268817204,29.03225806451613
6rjyzj,31.818181818181817,48.86363636363637,19.318181818181817
azajhk,35.0,44.0,21.0
5z4it6,27.368421052631582,43.15789473684211,29.47368421052631
g65y23,24.0,56.99999999999999,19.0
6xlycq,23.0,45.0,32.0
jeg3ub,28.865979381443296,48.45360824742268,22.68041237113402
jwuj4h,40.20618556701031,37.11340206185567,22.68041237113402
g17t28,32.0,49.0,19.0
81gusw,32.22222222222222,27.77777777777778,40.0
ifqe55,33.6734693877551,48.97959183673469,17.346938775510203
lxvqwi,40.0,33.0,27.0
eq39vc,26.0,46.0,28.000000000000004
i9tkgd,14.14141414141414,53.535353535353536,32.323232323232325
7kjz6f,23.91304347826087,50.0,26.08695652173913
6q4afd,50.0,30.851063829787233,19.148936170212767
78br41,22.340425531914892,58.51063829787234,19.148936170212767
7i6mo0,20.212765957446805,45.744680851063826,34.04255319148936
bgkkb4,8.0,59.0,33.0
7mz5un,40.65934065934066,39.56043956043956,19.78021978021978
t3x0jx,31.63265306122449,43.87755102040816,24.489795918367346
btnloy,26.262626262626267,57.57575757575758,16.161616161616163
fsyao2,37.0,44.0,19.0
plw43t,21.0,50.0,28.999999999999996
fhz31n,31.0,46.0,23.0
iddpiu,12.0,55.00000000000001,33.0
kb1wqx,26.041666666666668,47.91666666666667,26.041666666666668
i74nwd,34.375,50.0,15.625
99so6s,24.0,51.0,25.0
oiulkn,19.565217391304348,52.17391304347826,28.26086956521739
ezuxwe,35.35353535353536,47.474747474747474,17.17171717171717
82m4ln,28.888888888888886,40.0,31.11111111111111
evw4ci,31.57894736842105,50.526315789473685,17.894736842105264
g5i3n3,37.0,33.0,30.0
jq2mnb,21.875,43.75,34.375
j1x1kf,21.21212121212121,44.44444444444444,34.34343434343434
og5lza,16.0,54.0,30.0
dwr79b,26.96629213483146,49.43820224719101,23.595505617977526
78fuic,25.773195876288657,54.63917525773196,19.587628865979383
pxu45d,51.041666666666664,29.166666666666668,19.791666666666664
7sn5k6,20.43010752688172,39.784946236559136,39.784946236559136
rpbgqj,41.48936170212766,40.42553191489361,18.085106382978726
58tggr,21.21212121212121,38.38383838383838,40.4040404040404
kal92d,17.0,56.00000000000001,27.0
b5em6t,9.183673469387756,57.14285714285714,33.6734693877551
dymwww,54.08163265306123,33.6734693877551,12.244897959183673
hqq39u,28.57142857142857,54.761904761904766,16.666666666666664
hebxk3,42.0,39.0,19.0
uyfq6n,46.0,36.0,18.0
69gpah,19.35483870967742,51.61290322580645,29.03225806451613
pabb4s,21.0,48.0,31.0
rjsikw,56.38297872340425,30.851063829787233,12.76595744680851
b079e1,13.131313131313133,62.62626262626263,24.242424242424242
bqffmk,48.35164835164835,27.472527472527474,24.175824175824175
ak26t3,43.0,36.0,21.0
72jb0j,19.791666666666664,58.333333333333336,21.875
u50lyb,34.0,44.0,22.0
p16ev8,41.83673469387755,35.714285714285715,22.448979591836736
8usr1c,15.306122448979592,55.10204081632652,29.591836734693878
gzw329,35.714285714285715,43.87755102040816,20.408163265306122
62o1uz,32.323232323232325,51.515151515151516,16.161616161616163
u2v2mi,35.35353535353536,41.41414141414141,23.232323232323232
6ftvco,18.75,41.66666666666667,39.58333333333333
crvyo4,25.263157894736842,51.578947368421055,23.157894736842106
s9i9vd,20.0,56.00000000000001,24.0
84w1f8,14.117647058823529,50.588235294117645,35.294117647058826
sj1cxg,28.125,37.5,34.375
62t4jm,27.27272727272727,45.45454545454545,27.27272727272727
niflwx,24.0,43.0,33.0
jf3ug8,50.0,31.0,19.0
923ww4,5.319148936170213,47.87234042553192,46.808510638297875
dzethi,34.40860215053764,44.086021505376344,21.50537634408602
7m24z1,15.909090909090908,61.36363636363637,22.727272727272727
lg2wbl,18.0,51.0,31.0
7bwrco,36.45833333333333,41.66666666666667,21.875
nh4uj2,29.78723404255319,29.78723404255319,40.42553191489361
tx9i88,20.0,47.368421052631575,32.631578947368425
jar6hl,12.244897959183673,42.857142857142854,44.89795918367347
lp2cnk,24.0,54.0,22.0
7rkbu1,23.232323232323232,35.35353535353536,41.41414141414141
br6l64,21.875,53.125,25.0
7hndqf,23.863636363636363,48.86363636363637,27.27272727272727
9irn5c,39.58333333333333,33.33333333333333,27.083333333333332
bcdjk2,16.3265306122449,45.91836734693878,37.755102040816325
724atl,23.0,55.00000000000001,22.0
ogzz42,28.735632183908045,35.63218390804598,35.63218390804598
9x6f8b,26.804123711340207,50.51546391752577,22.68041237113402
7mgsb9,15.0,56.99999999999999,28.000000000000004
euk5ti,26.804123711340207,36.08247422680412,37.11340206185567
6dzu2h,20.0,53.333333333333336,26.666666666666668
g762i5,25.510204081632654,28.57142857142857,45.91836734693878
e0fukx,27.0,44.0,28.999999999999996
9f8rmu,38.54166666666667,41.66666666666667,19.791666666666664
f3fwxi,31.818181818181817,51.13636363636363,17.045454545454543
nrtmrs,34.44444444444444,35.55555555555556,30.0
n1bkq9,28.28282828282828,50.505050505050505,21.21212121212121
m8pbw7,19.0,48.0,33.0
grhw0i,28.125,48.95833333333333,22.916666666666664
ajdaaq,36.17021276595745,38.297872340425535,25.53191489361702
pzwrhv,40.0,41.0,19.0
gzao3e,38.38383838383838,46.464646464646464,15.151515151515152
mnz74z,43.47826086956522,41.30434782608695,15.217391304347828
gekxzh,22.340425531914892,46.808510638297875,30.851063829787233
b8ju41,29.292929292929294,52.52525252525253,18.181818181818183
gyzw2p,21.11111111111111,52.22222222222223,26.666666666666668
itjqwe,36.36363636363637,46.464646464646464,17.17171717171717
8b0l4n,24.731182795698924,47.31182795698925,27.956989247311824
j9qjcr,28.999999999999996,54.0,17.0
jnrgjd,42.0,39.0,19.0
8yjy7n,39.795918367346935,38.775510204081634,21.428571428571427
kixkfl,21.052631578947366,44.21052631578947,34.73684210526316
714v68,39.0,42.0,19.0
64xnno,32.25806451612903,50.53763440860215,17.20430107526882
i30vw3,38.82352941176471,38.82352941176471,22.35294117647059
8s0yx3,22.340425531914892,40.42553191489361,37.234042553191486
fejc2l,27.27272727272727,49.494949494949495,23.232323232323232
otspcn,25.510204081632654,48.97959183673469,25.510204081632654
8etnji,35.869565217391305,42.391304347826086,21.73913043478261
a2rwix,45.65217391304348,38.04347826086957,16.304347826086957
ho5epe,18.181818181818183,41.41414141414141,40.4040404040404
qhq08i,30.0,53.0,17.0
fnr0r2,29.591836734693878,43.87755102040816,26.53061224489796
jw9z1l,37.0,35.0,28.000000000000004
iywlnk,37.362637362637365,37.362637362637365,25.274725274725274
jb2lfw,27.0,44.0,28.999999999999996
8qhgq4,11.235955056179774,30.337078651685395,58.42696629213483
b7mtqd,30.208333333333332,43.75,26.041666666666668
6sm0vg,33.0,41.0,26.0
jcyacw,7.865168539325842,41.57303370786517,50.56179775280899
n5eblm,56.12244897959183,29.591836734693878,14.285714285714285
92mf1t,15.0,46.0,39.0
rf3ffx,23.0,57.99999999999999,19.0
7jdiqf,26.53061224489796,44.89795918367347,28.57142857142857
spvmle,13.26530612244898,55.10204081632652,31.63265306122449
fgbqy1,38.46153846153847,29.67032967032967,31.868131868131865
m1fhsg,21.0,54.0,25.0
6boqaw,40.816326530612244,40.816326530612244,18.367346938775512
7l98cd,27.083333333333332,40.625,32.29166666666667
5ih9ua,16.483516483516482,57.14285714285714,26.373626373626376
dfwdw0,32.55813953488372,45.348837209302324,22.093023255813954
6foh0c,34.34343434343434,38.38383838383838,27.27272727272727
ec533e,17.0,62.0,21.0
91bhsd,22.22222222222222,50.0,27.77777777777778
74jm6g,34.04255319148936,42.5531914893617,23.404255319148938
juny39,32.0,43.0,25.0
p027l3,46.391752577319586,43.29896907216495,10.309278350515463
dj92ox,17.0,62.0,21.0
hlboo3,45.0,36.0,19.0
evf1sq,24.489795918367346,47.95918367346938,27.55102040816326
e8e9or,16.666666666666664,48.888888888888886,34.44444444444444
p3r92l,30.0,51.0,19.0
nw12ma,35.0,43.0,22.0
g519rs,28.999999999999996,43.0,28.000000000000004
g01el6,11.0,53.0,36.0
isq2hq,49.0,40.0,11.0
f3uliw,38.20224719101123,40.44943820224719,21.34831460674157
99gqbd,32.967032967032964,38.46153846153847,28.57142857142857
7ypvet,20.43010752688172,36.55913978494624,43.01075268817204
mhk1z5,28.999999999999996,50.0,21.0
apu3un,18.085106382978726,57.446808510638306,24.46808510638298
5d2s4x,17.77777777777778,53.333333333333336,28.888888888888886
7mqap0,12.222222222222221,63.33333333333333,24.444444444444443
s6xh8b,39.0,40.0,21.0
76nd64,32.6530612244898,38.775510204081634,28.57142857142857
7x4w3d,52.12765957446809,37.234042553191486,10.638297872340425
i97i6u,24.242424242424242,55.55555555555556,20.2020202020202
j7qzo8,30.0,44.0,26.0
95khyb,37.755102040816325,45.91836734693878,16.3265306122449
mvwp8l,51.02040816326531,32.6530612244898,16.3265306122449
tw0uca,23.404255319148938,48.93617021276596,27.659574468085108
o85xl2,46.31578947368421,34.73684210526316,18.947368421052634
dro7fv,48.91304347826087,35.869565217391305,15.217391304347828
baukin,27.0,52.0,21.0
dtejk7,33.33333333333333,40.625,26.041666666666668
fsrs25,28.000000000000004,54.0,18.0
6m0vl0,30.0,46.666666666666664,23.333333333333332
73f7rd,25.510204081632654,57.14285714285714,17.346938775510203
dxxng1,22.0,38.0,40.0
ikk3nc,31.0,38.0,31.0
qfozej,36.55913978494624,45.16129032258064,18.27956989247312
so0ree,16.842105263157894,33.68421052631579,49.473684210526315
p4irgn,16.842105263157894,62.10526315789474,21.052631578947366
9cwi0q,25.252525252525253,50.505050505050505,24.242424242424242
jdzpfp,30.76923076923077,39.56043956043956,29.67032967032967
p5pn23,24.742268041237114,46.391752577319586,28.865979381443296
t11szx,5.0,76.0,19.0
c3p0vo,28.57142857142857,54.08163265306123,17.346938775510203
nv49gy,27.0,51.0,22.0
k2ulec,39.361702127659576,32.97872340425532,27.659574468085108
anhui9,27.956989247311824,38.70967741935484,33.33333333333333
oafgpo,18.0,45.0,37.0
jbod7o,19.0,56.00000000000001,25.0
fjsw7k,32.323232323232325,44.44444444444444,23.232323232323232
m5xyeb,41.66666666666667,33.33333333333333,25.0
6h3m5i,28.999999999999996,48.0,23.0
ux1w9q,17.17171717171717,50.505050505050505,32.323232323232325
azj5hu,32.29166666666667,45.83333333333333,21.875
docwum,33.0,41.0,26.0
nwpjq4,44.329896907216494,35.051546391752574,20.618556701030926
qdi7vg,39.0,42.0,19.0
il7i7f,22.448979591836736,39.795918367346935,37.755102040816325
gvdx0v,42.0,43.0,15.0
oygqu9,39.175257731958766,45.36082474226804,15.463917525773196
k0k5zu,9.090909090909092,55.55555555555556,35.35353535353536
plnz5j,42.42424242424242,40.4040404040404,17.17171717171717
pquga3,24.210526315789473,49.473684210526315,26.31578947368421
8kf35a,26.0,54.0,20.0
j664jn,54.166666666666664,31.25,14.583333333333334
7pg3d4,24.742268041237114,44.329896907216494,30.927835051546392
85kr59,18.681318681318682,48.35164835164835,32.967032967032964
gkaehk,41.83673469387755,38.775510204081634,19.387755102040817
c8jflz,25.53191489361702,50.0,24.46808510638298
jui0ey,33.6734693877551,41.83673469387755,24.489795918367346
6qnyqt,16.483516483516482,62.637362637362635,20.87912087912088
tnbp01,38.0,37.0,25.0
jk3ps4,31.63265306122449,43.87755102040816,24.489795918367346
76rjtv,23.076923076923077,59.34065934065934,17.582417582417584
edam15,36.08247422680412,47.42268041237113,16.49484536082474
6zn3b5,34.40860215053764,45.16129032258064,20.43010752688172
gyeztq,27.173913043478258,46.73913043478261,26.08695652173913
dt07cm,38.88888888888889,38.88888888888889,22.22222222222222
jqqfad,26.0,42.0,32.0
rvx7bf,43.956043956043956,37.362637362637365,18.681318681318682
seqfto,39.0,44.0,17.0
6shoh1,23.46938775510204,40.816326530612244,35.714285714285715
d5hesk,35.35353535353536,42.42424242424242,22.22222222222222
7fxz37,0,95.65217391304348,4.3478260869565215
kfwe09,18.0,49.0,33.0
l5pm8p,26.881720430107524,39.784946236559136,33.33333333333333
j1ilo3,25.842696629213485,39.325842696629216,34.831460674157306
gbirtf,19.78021978021978,50.54945054945055,29.67032967032967
ge52c5,32.608695652173914,50.0,17.391304347826086
lxlgh4,38.94736842105263,36.84210526315789,24.210526315789473
tt6pbf,37.89473684210527,47.368421052631575,14.736842105263156
93zpwv,16.842105263157894,47.368421052631575,35.78947368421053
i8xrr3,6.0,59.0,35.0
s82mn0,39.0,43.0,18.0
h7938i,34.40860215053764,47.31182795698925,18.27956989247312
fujzmm,43.87755102040816,38.775510204081634,17.346938775510203
hndpl2,44.89795918367347,39.795918367346935,15.306122448979592
a4xcol,27.083333333333332,36.45833333333333,36.45833333333333
72o0eg,28.26086956521739,27.173913043478258,44.565217391304344
6xr2ik,12.244897959183673,54.08163265306123,33.6734693877551
eacdez,27.956989247311824,44.086021505376344,27.956989247311824
l1i70q,23.0,42.0,35.0
k6nclu,29.78723404255319,45.744680851063826,24.46808510638298
bdmoqm,36.36363636363637,42.42424242424242,21.21212121212121
9gksky,35.051546391752574,54.63917525773196,10.309278350515463
ere6f9,34.73684210526316,45.26315789473684,20.0
iu72ax,23.0,56.99999999999999,20.0
86zyb8,15.151515151515152,49.494949494949495,35.35353535353536
tic3jh,21.052631578947366,45.26315789473684,33.68421052631579
mu4pyd,46.0,34.0,20.0
pyjkho,25.53191489361702,41.48936170212766,32.97872340425532
iwino5,21.27659574468085,52.12765957446809,26.595744680851062
chtbnb,21.0,48.0,31.0
7ec1pg,30.0,44.44444444444444,25.555555555555554
q3zmnd,25.53191489361702,55.319148936170215,19.148936170212767
k501ue,21.649484536082475,57.73195876288659,20.618556701030926
jk9sp0,48.97959183673469,39.795918367346935,11.224489795918368
f924sm,32.25806451612903,40.86021505376344,26.881720430107524
q2tv06,15.789473684210526,48.421052631578945,35.78947368421053
97vxkb,17.0,67.0,16.0
j57d9e,13.541666666666666,35.41666666666667,51.041666666666664
aevrzq,21.27659574468085,35.1063829787234,43.61702127659575
fvcp6v,38.0,33.0,28.999999999999996
99yln9,26.373626373626376,50.54945054945055,23.076923076923077
nrdjry,13.0,60.0,27.0
sjunuh,40.4040404040404,31.313131313131315,28.28282828282828
9iwvod,20.652173913043477,56.52173913043478,22.82608695652174
gihqy6,19.0,47.0,34.0
6u2qxs,11.0,41.0,48.0
qehj9s,39.361702127659576,37.234042553191486,23.404255319148938
7f1kxc,38.0,51.0,11.0
eeqjes,31.313131313131315,50.505050505050505,18.181818181818183
mf30ch,35.55555555555556,50.0,14.444444444444443
cq38kn,43.29896907216495,43.29896907216495,13.402061855670103
73oxkd,24.742268041237114,44.329896907216494,30.927835051546392
j7jl0t,23.711340206185564,42.2680412371134,34.02061855670103
sccqlu,37.37373737373738,38.38383838383838,24.242424242424242
di1p66,21.052631578947366,47.368421052631575,31.57894736842105
6dfsd7,56.666666666666664,24.444444444444443,18.88888888888889
cywdcd,24.210526315789473,48.421052631578945,27.368421052631582
awv9fm,29.03225806451613,47.31182795698925,23.655913978494624
eyrmhz,23.0,60.0,17.0
6wje1q,22.0,51.0,27.0
l3kc18,37.5,43.75,18.75
oglpxv,10.638297872340425,42.5531914893617,46.808510638297875
km7mv9,15.053763440860216,62.365591397849464,22.58064516129032
gwnzua,25.0,49.0,26.0
sfnffa,35.714285714285715,40.816326530612244,23.46938775510204
qjdviw,28.999999999999996,35.0,36.0
8me5pn,39.39393939393939,38.38383838383838,22.22222222222222
g4qmvp,44.329896907216494,32.98969072164948,22.68041237113402
8l8tuf,22.47191011235955,47.19101123595505,30.337078651685395
7o238z,28.26086956521739,44.565217391304344,27.173913043478258
h7mrlc,28.999999999999996,41.0,30.0
6ptftc,10.204081632653061,62.244897959183675,27.55102040816326
lmkj4u,25.0,48.0,27.0
a8tyrz,38.94736842105263,28.421052631578945,32.631578947368425
ud8tbt,13.0,50.0,37.0
g4f1zk,36.36363636363637,49.494949494949495,14.14141414141414
6jdwlq,25.0,53.0,22.0
f9sr9r,38.46153846153847,34.065934065934066,27.472527472527474
en2uwk,9.0,51.0,40.0
avr8co,32.967032967032964,48.35164835164835,18.681318681318682
nflpr1,28.723404255319153,46.808510638297875,24.46808510638298
opsolj,32.323232323232325,41.41414141414141,26.262626262626267
pm75yr,22.105263157894736,46.31578947368421,31.57894736842105
60o4p6,20.238095238095237,40.476190476190474,39.285714285714285
aspkph,14.444444444444443,46.666666666666664,38.88888888888889
lswpop,43.0,45.0,12.0
ftuan2,15.0,45.0,40.0
ios0oz,50.53763440860215,33.33333333333333,16.129032258064516
sswa5n,30.927835051546392,50.51546391752577,18.556701030927837
71ca29,21.27659574468085,45.744680851063826,32.97872340425532
9c0kzc,40.816326530612244,40.816326530612244,18.367346938775512
79ycar,10.0,44.0,46.0
ok520l,42.857142857142854,40.816326530612244,16.3265306122449
ddls2b,21.333333333333336,48.0,30.666666666666664
hirplx,38.38383838383838,42.42424242424242,19.19191919191919
bip6ix,31.25,47.91666666666667,20.833333333333336
a18nk8,29.166666666666668,47.91666666666667,22.916666666666664
8park8,38.70967741935484,38.70967741935484,22.58064516129032
k4pj5q,35.483870967741936,46.236559139784944,18.27956989247312
exusqk,22.340425531914892,50.0,27.659574468085108
7q11t9,32.0,50.0,18.0
tat86v,25.773195876288657,48.45360824742268,25.773195876288657
mcgebf,22.22222222222222,57.57575757575758,20.2020202020202
8a6yyy,28.57142857142857,48.97959183673469,22.448979591836736
j3wbmu,19.587628865979383,48.45360824742268,31.958762886597935
6xzxzz,38.297872340425535,39.361702127659576,22.340425531914892
jjlv2v,24.242424242424242,37.37373737373738,38.38383838383838
izjyfp,13.0,62.0,25.0
5pdqvm,29.591836734693878,42.857142857142854,27.55102040816326
8vasb4,35.0,46.0,19.0
fuxwl0,40.0,43.15789473684211,16.842105263157894
8ebcqw,35.869565217391305,38.04347826086957,26.08695652173913
cfkjim,53.0,32.0,15.0
hl219q,35.051546391752574,40.20618556701031,24.742268041237114
jerdxj,34.0,45.0,21.0
axz8rp,18.88888888888889,41.11111111111111,40.0
m4nnfk,39.175257731958766,37.11340206185567,23.711340206185564
nvfe02,19.0,52.0,28.999999999999996
b17tru,25.773195876288657,52.57731958762887,21.649484536082475
njfn14,13.186813186813188,49.45054945054945,37.362637362637365
7l2fiv,23.333333333333332,41.11111111111111,35.55555555555556
mc3ed4,27.55102040816326,38.775510204081634,33.6734693877551
79nb46,19.565217391304348,66.30434782608695,14.130434782608695
5t9utb,24.210526315789473,54.736842105263165,21.052631578947366
u7g9fg,17.894736842105264,56.84210526315789,25.263157894736842
mwm73f,47.87234042553192,22.340425531914892,29.78723404255319
cn771o,28.57142857142857,52.04081632653062,19.387755102040817
eci8ka,29.03225806451613,46.236559139784944,24.731182795698924
uxodhw,41.05263157894737,36.84210526315789,22.105263157894736
e6jo38,15.384615384615385,56.41025641025641,28.205128205128204
kv8iq0,30.303030303030305,48.484848484848484,21.21212121212121
nenum0,24.0,59.0,17.0
dbrc8c,28.999999999999996,56.99999999999999,14.000000000000002
96hi5z,25.555555555555554,47.77777777777778,26.666666666666668
qodffs,25.0,36.0,39.0
5hzl1w,23.655913978494624,46.236559139784944,30.107526881720432
jgoqqa,36.36363636363637,49.494949494949495,14.14141414141414
mg70a7,26.881720430107524,39.784946236559136,33.33333333333333
g86pki,15.11627906976744,52.32558139534884,32.55813953488372
70700e,18.181818181818183,52.52525252525253,29.292929292929294
irdqil,25.252525252525253,51.515151515151516,23.232323232323232
iqru6v,13.131313131313133,49.494949494949495,37.37373737373738
qz3p59,32.6530612244898,45.91836734693878,21.428571428571427
ejwoiz,27.27272727272727,41.41414141414141,31.313131313131315
s0zh06,30.0,48.0,22.0
oq8w1y,39.130434782608695,35.869565217391305,25.0
omr2r2,17.0,61.0,22.0
kuxin1,34.0,45.0,21.0
6lffoc,27.659574468085108,38.297872340425535,34.04255319148936
v4v1u0,43.0,42.0,15.0
7czknr,20.87912087912088,50.54945054945055,28.57142857142857
q8oofr,53.84615384615385,32.967032967032964,13.186813186813188
lgifi5,16.3265306122449,47.95918367346938,35.714285714285715
7qucjv,35.78947368421053,45.26315789473684,18.947368421052634
khga5w,33.0,42.0,25.0
5g41kz,27.659574468085108,40.42553191489361,31.914893617021278
qknfda,21.73913043478261,47.82608695652174,30.434782608695656
q6tbmo,43.61702127659575,38.297872340425535,18.085106382978726
aycaai,37.07865168539326,49.43820224719101,13.48314606741573
rlkq9n,38.0,42.0,20.0
qd4519,19.587628865979383,53.608247422680414,26.804123711340207
hqhth6,26.53061224489796,47.95918367346938,25.510204081632654
muzwwn,47.0,36.0,17.0
bcpurr,13.684210526315791,52.63157894736842,33.68421052631579
mwa6zs,11.0,56.00000000000001,33.0
90fjja,16.842105263157894,63.1578947368421,20.0
7dblzz,21.176470588235293,41.17647058823529,37.64705882352941
92hmjk,23.655913978494624,41.935483870967744,34.40860215053764
pw9bh5,15.384615384615385,51.64835164835166,32.967032967032964
6x2ks5,36.45833333333333,33.33333333333333,30.208333333333332
slxak0,15.306122448979592,38.775510204081634,45.91836734693878
g1jb05,30.526315789473685,42.10526315789473,27.368421052631582
b3pzv6,13.26530612244898,50.0,36.734693877551024
owmmdd,17.0,49.0,34.0
fplbnh,31.0,52.0,17.0
kvgi85,26.373626373626376,58.24175824175825,15.384615384615385
ubv5dt,20.408163265306122,50.0,29.591836734693878
jc99sb,30.612244897959183,43.87755102040816,25.510204081632654
mbtdk5,18.367346938775512,53.06122448979592,28.57142857142857
6kej8v,29.166666666666668,58.333333333333336,12.5
h98ifx,18.88888888888889,33.33333333333333,47.77777777777778
df0a98,28.888888888888886,45.55555555555556,25.555555555555554
f9cr6g,12.0,39.0,49.0
5wos0h,30.927835051546392,34.02061855670103,35.051546391752574
815655,25.252525252525253,46.464646464646464,28.28282828282828
myv6m3,20.618556701030926,39.175257731958766,40.20618556701031
qg94d1,35.0,43.0,22.0
fr56e6,25.252525252525253,48.484848484848484,26.262626262626267
7pccil,46.15384615384615,25.274725274725274,28.57142857142857
de0xzc,31.868131868131865,36.26373626373626,31.868131868131865
a9desh,22.916666666666664,37.5,39.58333333333333
n41byw,48.45360824742268,40.20618556701031,11.34020618556701
imepxy,48.421052631578945,30.526315789473685,21.052631578947366
cgxqzl,30.107526881720432,44.086021505376344,25.806451612903224
8zlan8,44.086021505376344,39.784946236559136,16.129032258064516
kgi5nw,26.595744680851062,45.744680851063826,27.659574468085108
kw3x0v,36.7816091954023,48.275862068965516,14.942528735632186
il0s1l,55.00000000000001,32.0,13.0
ha0ug6,32.0,47.0,21.0
pwhhu4,25.53191489361702,40.42553191489361,34.04255319148936
966rje,32.25806451612903,45.16129032258064,22.58064516129032
77u3bw,30.76923076923077,46.15384615384615,23.076923076923077
dpgu0n,41.66666666666667,41.66666666666667,16.666666666666664
h8lfrw,38.0,43.0,19.0
r59vt9,57.57575757575758,29.292929292929294,13.131313131313133
6szijs,28.000000000000004,40.0,32.0
csj3mo,29.591836734693878,40.816326530612244,29.591836734693878
5szy88,17.045454545454543,34.090909090909086,48.86363636363637
m4cgsz,22.0,51.0,27.0
84pv7l,21.11111111111111,61.111111111111114,17.77777777777778
83c5ms,26.373626373626376,45.05494505494506,28.57142857142857
m2ea2a,56.12244897959183,27.55102040816326,16.3265306122449
82qinj,10.638297872340425,54.25531914893617,35.1063829787234
74p90l,9.0,61.0,30.0
6k4ovj,40.0,40.0,20.0
d9kln8,42.5531914893617,37.234042553191486,20.212765957446805
p8bnd4,35.41666666666667,38.54166666666667,26.041666666666668
oqp9tu,34.78260869565217,29.347826086956523,35.869565217391305
8xirko,40.909090909090914,45.45454545454545,13.636363636363635
am1ss4,42.10526315789473,36.84210526315789,21.052631578947366
frp7qu,15.0,46.0,39.0
7z7ud1,43.01075268817204,38.70967741935484,18.27956989247312
gh9ny0,19.0,49.0,32.0
7cm6r5,22.916666666666664,45.83333333333333,31.25
f2smg0,24.46808510638298,52.12765957446809,23.404255319148938
bl1nbc,19.35483870967742,44.086021505376344,36.55913978494624
pgnyqs,34.0,44.0,22.0
nncf68,28.57142857142857,45.91836734693878,25.510204081632654
uhqtof,23.404255319148938,30.851063829787233,45.744680851063826
d72ano,12.359550561797752,69.66292134831461,17.97752808988764
pq33q6,46.0,31.0,23.0
iny4m8,43.0,31.0,26.0
8b9jfv,39.39393939393939,37.37373737373738,23.232323232323232
fvnoed,27.083333333333332,48.95833333333333,23.958333333333336
7j6zp7,26.373626373626376,36.26373626373626,37.362637362637365
bt9ylr,26.96629213483146,46.06741573033708,26.96629213483146
5r9tlg,19.35483870967742,56.98924731182796,23.655913978494624
rrbmli,33.33333333333333,37.5,29.166666666666668
bhmuvt,30.0,49.0,21.0
8jhv1e,43.333333333333336,38.88888888888889,17.77777777777778
6ow59m,27.27272727272727,42.42424242424242,30.303030303030305
d2qcdd,22.82608695652174,46.73913043478261,30.434782608695656
hbdl0g,28.999999999999996,49.0,22.0
7xytmz,19.791666666666664,59.375,20.833333333333336
j6yr18,61.702127659574465,31.914893617021278,6.382978723404255
g6zci5,29.166666666666668,47.91666666666667,22.916666666666664
agpslw,19.387755102040817,33.6734693877551,46.93877551020408
9qfrz1,31.46067415730337,49.43820224719101,19.101123595505616
7otjwu,16.3265306122449,50.0,33.6734693877551
7gm4qf,40.0,43.0,17.0
poaxlp,56.84210526315789,27.368421052631582,15.789473684210526
9i9idw,24.444444444444443,46.666666666666664,28.888888888888886
8sqnit,29.88505747126437,54.02298850574713,16.091954022988507
a70akr,45.36082474226804,28.865979381443296,25.773195876288657
otzd0s,43.29896907216495,40.20618556701031,16.49484536082474
tlkufr,18.947368421052634,38.94736842105263,42.10526315789473
n3gbnm,11.0,61.0,28.000000000000004
okmwge,32.323232323232325,33.33333333333333,34.34343434343434
ks12an,28.999999999999996,48.0,23.0
a5um6y,37.37373737373738,47.474747474747474,15.151515151515152
ktsumt,23.076923076923077,61.53846153846154,15.384615384615385
89d68g,26.373626373626376,31.868131868131865,41.75824175824176
qru1fs,22.22222222222222,50.505050505050505,27.27272727272727
l7afyx,41.05263157894737,40.0,18.947368421052634
gwzokw,18.556701030927837,52.57731958762887,28.865979381443296
kvtnpt,42.22222222222222,33.33333333333333,24.444444444444443
gsdwky,45.26315789473684,37.89473684210527,16.842105263157894
ew5y8t,24.0,42.0,34.0
9wl2d7,43.29896907216495,39.175257731958766,17.525773195876287
lqygr1,11.11111111111111,54.44444444444444,34.44444444444444
mpmpa8,26.53061224489796,56.12244897959183,17.346938775510203
swrwa8,13.0,55.00000000000001,32.0
8pm20x,16.3265306122449,31.63265306122449,52.04081632653062
op8qf2,27.659574468085108,52.12765957446809,20.212765957446805
b3lk9p,23.0,51.0,26.0
6on1su,28.40909090909091,42.04545454545455,29.545454545454547
ix6a1x,24.489795918367346,50.0,25.510204081632654
ld53ex,46.875,40.625,12.5
uleyzk,30.107526881720432,37.634408602150536,32.25806451612903
hzhveq,23.0,42.0,35.0
81apih,18.0,48.0,34.0
gdaj3b,38.55421686746988,40.963855421686745,20.481927710843372
naq2op,31.63265306122449,53.06122448979592,15.306122448979592
hawckq,41.05263157894737,38.94736842105263,20.0
bo5clp,24.0,47.0,28.999999999999996
ms558q,27.083333333333332,55.208333333333336,17.708333333333336
ddbg3f,40.625,42.70833333333333,16.666666666666664
hfw1c8,31.25,34.375,34.375
ks7rtm,54.25531914893617,31.914893617021278,13.829787234042554
4y6wc9,20.87912087912088,56.043956043956044,23.076923076923077
lwk4nm,28.28282828282828,42.42424242424242,29.292929292929294
p3ljb1,18.0,44.0,38.0
dbz65g,28.000000000000004,50.0,22.0
aqwn73,35.051546391752574,35.051546391752574,29.896907216494846
jjf87e,30.526315789473685,35.78947368421053,33.68421052631579
9bwk3l,17.77777777777778,54.44444444444444,27.77777777777778
qbcony,20.454545454545457,51.13636363636363,28.40909090909091
9wst2f,29.292929292929294,43.43434343434344,27.27272727272727
oc0ckw,21.428571428571427,51.02040816326531,27.55102040816326
5f2bhj,19.148936170212767,58.51063829787234,22.340425531914892
nfxnso,17.02127659574468,53.191489361702125,29.78723404255319
7aqklg,33.33333333333333,44.44444444444444,22.22222222222222
att8uz,28.125,32.29166666666667,39.58333333333333
g6pmzl,27.0,45.0,28.000000000000004
nsk1uc,25.274725274725274,50.54945054945055,24.175824175824175
