jamo6x,12.0,38.0,50.0
l6vmt4,17.708333333333336,39.58333333333333,42.70833333333333
rcrv9g,35.714285714285715,38.775510204081634,25.510204081632654
j2osv7,41.11111111111111,33.33333333333333,25.555555555555554
jom0bi,44.0,41.0,15.0
k1dokd,38.775510204081634,36.734693877551024,24.489795918367346
9uuhl3,33.0,43.0,24.0
lqn0ow,32.22222222222222,53.333333333333336,14.444444444444443
jzjwz1,32.29166666666667,40.625,27.083333333333332
ttd3ql,35.714285714285715,35.714285714285715,28.57142857142857
hu0sk6,34.73684210526316,40.0,25.263157894736842
flnfh4,41.41414141414141,39.39393939393939,19.19191919191919
krzt11,45.91836734693878,34.69387755102041,19.387755102040817
l2scyf,22.916666666666664,35.41666666666667,41.66666666666667
j1cgy3,31.914893617021278,34.04255319148936,34.04255319148936
s739ob,28.999999999999996,38.0,33.0
kr05j2,29.166666666666668,40.625,30.208333333333332
q9brrv,28.000000000000004,42.0,30.0
fdzwl6,30.0,41.0,28.999999999999996
ea7o76,26.31578947368421,48.421052631578945,25.263157894736842
j4x2d3,30.208333333333332,42.70833333333333,27.083333333333332
jd29rv,42.2680412371134,35.051546391752574,22.68041237113402
g1pn1r,37.37373737373738,44.44444444444444,18.181818181818183
u2prkt,34.375,30.208333333333332,35.41666666666667
kcdg1o,34.34343434343434,41.41414141414141,24.242424242424242
kteyie,34.0,43.0,23.0
ks2qt6,53.535353535353536,37.37373737373738,9.090909090909092
jxcbd2,41.66666666666667,44.79166666666667,13.541666666666666
kg5fks,26.373626373626376,37.362637362637365,36.26373626373626
7eizpg,29.47368421052631,34.73684210526316,35.78947368421053
hvt578,42.0,41.0,17.0
5vzfba,36.734693877551024,45.91836734693878,17.346938775510203
kwrmut,43.0,40.0,17.0
ksgw0k,25.53191489361702,50.0,24.46808510638298
h0ljrm,42.0,34.0,24.0
g8iov0,36.36363636363637,46.464646464646464,17.17171717171717
v5difq,39.795918367346935,28.57142857142857,31.63265306122449
k07ocv,18.947368421052634,44.21052631578947,36.84210526315789
gfsooe,35.78947368421053,38.94736842105263,25.263157894736842
kt8npm,40.0,31.11111111111111,28.888888888888886
guqj1o,48.0,36.0,16.0
kdvw5s,33.33333333333333,38.88888888888889,27.77777777777778
tyjkff,34.0,32.0,34.0
ddoi77,25.252525252525253,43.43434343434344,31.313131313131315
kbrxpd,23.711340206185564,41.23711340206185,35.051546391752574
hfc0sh,52.52525252525253,33.33333333333333,14.14141414141414
ia5lzg,48.484848484848484,34.34343434343434,17.17171717171717
l8mqzf,29.591836734693878,44.89795918367347,25.510204081632654
ixnpjo,23.655913978494624,37.634408602150536,38.70967741935484
ke7p13,31.11111111111111,45.55555555555556,23.333333333333332
laz9r1,15.957446808510639,40.42553191489361,43.61702127659575
g3eqz4,36.17021276595745,40.42553191489361,23.404255319148938
pkxdin,18.181818181818183,37.37373737373738,44.44444444444444
fdp1gt,20.652173913043477,32.608695652173914,46.73913043478261
plqc9m,26.0,52.0,22.0
la0z97,43.0,28.999999999999996,28.000000000000004
iblcs6,41.05263157894737,38.94736842105263,20.0
lygoyi,28.26086956521739,32.608695652173914,39.130434782608695
gzpcee,22.58064516129032,33.33333333333333,44.086021505376344
jg23e2,33.33333333333333,43.01075268817204,23.655913978494624
mh4trp,28.125,36.45833333333333,35.41666666666667
ib3wbx,32.0,39.0,28.999999999999996
jcc1rz,31.914893617021278,44.680851063829785,23.404255319148938
hzha3f,31.25,39.58333333333333,29.166666666666668
pie5tb,17.0,38.0,45.0
lmpgqv,31.958762886597935,36.08247422680412,31.958762886597935
g7thtw,40.42553191489361,39.361702127659576,20.212765957446805
gulkse,42.0,30.0,28.000000000000004
ksp7ir,46.0,37.0,17.0
jr7hbm,34.40860215053764,47.31182795698925,18.27956989247312
hhjp9n,33.33333333333333,38.38383838383838,28.28282828282828
gus6vm,47.31182795698925,41.935483870967744,10.75268817204301
5u4qao,19.587628865979383,43.29896907216495,37.11340206185567
jg6662,28.000000000000004,54.0,18.0
jrsl3d,47.87234042553192,30.851063829787233,21.27659574468085
dn1uh4,32.97872340425532,47.87234042553192,19.148936170212767
t9ff1l,33.6734693877551,35.714285714285715,30.612244897959183
flcdyo,38.0,38.0,24.0
k2mbc0,33.0,39.0,28.000000000000004
7kw6gk,13.978494623655912,46.236559139784944,39.784946236559136
llsaz1,51.578947368421055,26.31578947368421,22.105263157894736
niiqrw,51.578947368421055,27.368421052631582,21.052631578947366
jnsl9k,41.83673469387755,33.6734693877551,24.489795918367346
l67rzv,54.0,28.999999999999996,17.0
hni6io,42.42424242424242,42.42424242424242,15.151515151515152
eddjzi,21.0,33.0,46.0
foxeg9,51.02040816326531,29.591836734693878,19.387755102040817
jlj3ss,46.391752577319586,35.051546391752574,18.556701030927837
h9mpro,24.242424242424242,43.43434343434344,32.323232323232325
juo1al,52.083333333333336,31.25,16.666666666666664
lwxmbh,19.565217391304348,32.608695652173914,47.82608695652174
e9qyn0,36.36363636363637,40.4040404040404,23.232323232323232
ha86we,12.5,53.40909090909091,34.090909090909086
gmalqq,41.66666666666667,39.58333333333333,18.75
j2va0w,44.89795918367347,36.734693877551024,18.367346938775512
gmyz0a,33.6734693877551,44.89795918367347,21.428571428571427
kvtumu,15.789473684210526,33.68421052631579,50.526315789473685
jh7xbt,33.6734693877551,41.83673469387755,24.489795918367346
jboibo,34.40860215053764,36.55913978494624,29.03225806451613
kt1325,47.368421052631575,30.526315789473685,22.105263157894736
o5mfbi,38.144329896907216,36.08247422680412,25.773195876288657
gxibqb,51.0,26.0,23.0
l1k8xa,20.833333333333336,32.29166666666667,46.875
kcmtkn,40.0,41.0,19.0
lw591j,56.12244897959183,34.69387755102041,9.183673469387756
jskobb,18.75,40.625,40.625
ubo2ao,26.881720430107524,45.16129032258064,27.956989247311824
l9km9u,36.0,28.999999999999996,35.0
jjoy19,38.54166666666667,39.58333333333333,21.875
mkheto,23.655913978494624,51.61290322580645,24.731182795698924
tp4xtx,21.27659574468085,45.744680851063826,32.97872340425532
impnvt,49.0,36.0,15.0
kpk3vf,41.05263157894737,41.05263157894737,17.894736842105264
j5lggr,31.0,48.0,21.0
h00jlh,23.076923076923077,36.26373626373626,40.65934065934066
lak7wc,44.79166666666667,33.33333333333333,21.875
kkqkxx,40.4040404040404,42.42424242424242,17.17171717171717
j93r95,23.232323232323232,38.38383838383838,38.38383838383838
l6jrij,45.0,33.0,22.0
nkzei9,36.36363636363637,37.37373737373738,26.262626262626267
jyat09,34.0,40.0,26.0
kv5car,27.173913043478258,51.08695652173913,21.73913043478261
q7l67k,31.521739130434785,35.869565217391305,32.608695652173914
jxenpo,32.0,31.0,37.0
jvhzuf,38.144329896907216,34.02061855670103,27.835051546391753
ux4foh,15.0,43.0,42.0
hfvube,35.051546391752574,38.144329896907216,26.804123711340207
kbyc56,34.40860215053764,35.483870967741936,30.107526881720432
hzee67,28.999999999999996,47.0,24.0
kv9pc7,57.446808510638306,29.78723404255319,12.76595744680851
ooaldw,22.58064516129032,40.86021505376344,36.55913978494624
cx6go2,29.78723404255319,39.361702127659576,30.851063829787233
j3ryb4,31.25,36.45833333333333,32.29166666666667
jrac51,11.0,55.00000000000001,34.0
h8s63z,32.58426966292135,40.44943820224719,26.96629213483146
nk564e,19.0,34.0,47.0
n0v9rd,25.53191489361702,37.234042553191486,37.234042553191486
gogaj4,25.0,37.0,38.0
e9gj1l,26.804123711340207,35.051546391752574,38.144329896907216
kssnui,35.483870967741936,48.38709677419355,16.129032258064516
cd2l9u,45.36082474226804,38.144329896907216,16.49484536082474
knc1xf,41.48936170212766,37.234042553191486,21.27659574468085
g6wrl2,32.98969072164948,49.48453608247423,17.525773195876287
qaku0f,15.053763440860216,48.38709677419355,36.55913978494624
ph2llw,37.0,34.0,28.999999999999996
krg47d,25.773195876288657,29.896907216494846,44.329896907216494
nt4omk,44.0,34.0,22.0
kr5020,27.835051546391753,52.57731958762887,19.587628865979383
hjv5iy,30.107526881720432,38.70967741935484,31.182795698924732
l3k9ex,35.714285714285715,37.755102040816325,26.53061224489796
ht2a0f,32.25806451612903,41.935483870967744,25.806451612903224
gybwnt,30.303030303030305,48.484848484848484,21.21212121212121
sjxpwd,25.773195876288657,49.48453608247423,24.742268041237114
idusux,37.2093023255814,41.86046511627907,20.930232558139537
f0b9k8,24.242424242424242,34.34343434343434,41.41414141414141
u151gn,44.0,27.0,28.999999999999996
sof3ed,25.53191489361702,47.87234042553192,26.595744680851062
pl5g26,31.63265306122449,41.83673469387755,26.53061224489796
iaqud1,36.17021276595745,37.234042553191486,26.595744680851062
fqsq2o,30.927835051546392,45.36082474226804,23.711340206185564
fyeaxi,31.958762886597935,36.08247422680412,31.958762886597935
lvf502,31.0,39.0,30.0
j58xub,19.0,43.0,38.0
kqab77,30.927835051546392,45.36082474226804,23.711340206185564
kwi3qw,31.32530120481928,45.78313253012048,22.89156626506024
i8ztlq,47.474747474747474,37.37373737373738,15.151515151515152
l1bq4v,9.0,31.0,60.0
jm7ktk,46.31578947368421,34.73684210526316,18.947368421052634
gw37yc,41.0,42.0,17.0
kzsjas,23.232323232323232,50.505050505050505,26.262626262626267
5p3s9c,29.78723404255319,43.61702127659575,26.595744680851062
flupe8,34.78260869565217,44.565217391304344,20.652173913043477
elygm6,25.0,34.0,41.0
pixnkc,32.94117647058823,37.64705882352941,29.411764705882355
7fpqwf,28.999999999999996,43.0,28.000000000000004
nu1n1z,31.313131313131315,47.474747474747474,21.21212121212121
t4q4nz,21.052631578947366,42.10526315789473,36.84210526315789
uhudjb,34.34343434343434,34.34343434343434,31.313131313131315
kwj3ib,41.57303370786517,35.95505617977528,22.47191011235955
uy9k55,50.0,35.1063829787234,14.893617021276595
g0ifo6,27.659574468085108,46.808510638297875,25.53191489361702
hd6r4n,30.434782608695656,38.04347826086957,31.521739130434785
knygr7,25.252525252525253,55.55555555555556,19.19191919191919
kai6m7,36.0,32.0,32.0
mov5f3,45.45454545454545,37.37373737373738,17.17171717171717
la5p0j,32.0,28.999999999999996,39.0
k0qkgl,21.052631578947366,48.421052631578945,30.526315789473685
kdjnkk,44.680851063829785,36.17021276595745,19.148936170212767
jp65jn,12.121212121212121,50.505050505050505,37.37373737373738
jieg28,51.546391752577314,31.958762886597935,16.49484536082474
l4romn,33.33333333333333,41.935483870967744,24.731182795698924
jpzgpe,20.618556701030926,34.02061855670103,45.36082474226804
jyevov,22.58064516129032,45.16129032258064,32.25806451612903
ktwyyh,36.0,38.0,26.0
kq74ow,45.45454545454545,25.252525252525253,29.292929292929294
je7k4h,35.0,47.0,18.0
jrbrnv,24.742268041237114,45.36082474226804,29.896907216494846
kyo2nw,45.36082474226804,35.051546391752574,19.587628865979383
kg8jzx,16.161616161616163,40.4040404040404,43.43434343434344
jt8pcg,35.41666666666667,34.375,30.208333333333332
gylm53,19.54022988505747,45.97701149425287,34.48275862068966
6bd42j,34.0,38.0,28.000000000000004
loana4,28.999999999999996,35.0,36.0
hdpz4m,29.166666666666668,36.45833333333333,34.375
jqmpus,26.373626373626376,41.75824175824176,31.868131868131865
l3f4yj,33.33333333333333,37.634408602150536,29.03225806451613
ld5f8g,32.608695652173914,33.69565217391305,33.69565217391305
la7neo,22.22222222222222,36.36363636363637,41.41414141414141
8jxxn4,19.51219512195122,41.46341463414634,39.02439024390244
v0k8mh,38.775510204081634,43.87755102040816,17.346938775510203
jgd307,40.0,28.000000000000004,32.0
ktjl43,51.08695652173913,35.869565217391305,13.043478260869565
o6lr8c,40.0,40.0,20.0
jor5cq,26.0,50.0,24.0
jvt7a8,38.0,43.0,19.0
jocdjh,22.448979591836736,36.734693877551024,40.816326530612244
l0olbe,26.666666666666668,35.55555555555556,37.77777777777778
jxxkww,28.000000000000004,32.0,40.0
ipk2w9,43.0,35.0,22.0
ktzm1z,22.105263157894736,38.94736842105263,38.94736842105263
mllba8,43.75,27.083333333333332,29.166666666666668
f8bp7p,10.869565217391305,33.69565217391305,55.434782608695656
p0f3op,34.34343434343434,41.41414141414141,24.242424242424242
hvgl8z,24.210526315789473,46.31578947368421,29.47368421052631
ln5z91,25.510204081632654,36.734693877551024,37.755102040816325
jptq5n,31.0,32.0,37.0
ggdm2n,42.391304347826086,35.869565217391305,21.73913043478261
hmi1t7,40.0,38.0,22.0
ke8hdn,38.775510204081634,40.816326530612244,20.408163265306122
kx67sa,32.22222222222222,38.88888888888889,28.888888888888886
hbz6sj,41.935483870967744,36.55913978494624,21.50537634408602
kw4iql,34.090909090909086,43.18181818181818,22.727272727272727
hef6ht,35.051546391752574,36.08247422680412,28.865979381443296
kvdxgm,53.0,28.999999999999996,18.0
nedazb,51.0,28.000000000000004,21.0
jm2osy,21.21212121212121,49.494949494949495,29.292929292929294
84oem1,27.55102040816326,37.755102040816325,34.69387755102041
l9dfv6,38.0,33.0,28.999999999999996
fopc8h,28.865979381443296,41.23711340206185,29.896907216494846
kzz6vo,38.297872340425535,42.5531914893617,19.148936170212767
s4jv8s,37.37373737373738,34.34343434343434,28.28282828282828
ayssub,23.46938775510204,57.14285714285714,19.387755102040817
i9xzda,20.833333333333336,55.208333333333336,23.958333333333336
g03uny,23.711340206185564,32.98969072164948,43.29896907216495
juks8c,35.0,37.0,28.000000000000004
pugq38,45.0,32.0,23.0
ivub80,33.33333333333333,31.25,35.41666666666667
ncxrg7,44.0,44.0,12.0
jsan5s,37.77777777777778,40.0,22.22222222222222
lskkj1,38.0,28.000000000000004,34.0
ofhh8t,41.23711340206185,35.051546391752574,23.711340206185564
b11g3m,14.130434782608695,47.82608695652174,38.04347826086957
je3lfc,22.448979591836736,48.97959183673469,28.57142857142857
k4jmqi,32.0,28.000000000000004,40.0
gx6ha0,46.31578947368421,32.631578947368425,21.052631578947366
kezuxl,19.791666666666664,51.041666666666664,29.166666666666668
gsrjwv,40.0,37.89473684210527,22.105263157894736
t5gcgx,43.0,33.0,24.0
jo8jf7,47.368421052631575,30.526315789473685,22.105263157894736
tvkg07,53.0,28.999999999999996,18.0
jc09v6,33.6734693877551,28.57142857142857,37.755102040816325
s02nrx,25.0,38.0,37.0
kwqdsf,37.0,34.0,28.999999999999996
7t12e6,42.0,43.0,15.0
kxjfxy,47.0,32.0,21.0
jpwb42,24.489795918367346,50.0,25.510204081632654
jk1fyr,34.375,42.70833333333333,22.916666666666664
azad2b,20.408163265306122,50.0,29.591836734693878
jtgijl,33.33333333333333,45.83333333333333,20.833333333333336
os8ich,24.242424242424242,31.313131313131315,44.44444444444444
un7ki7,27.173913043478258,42.391304347826086,30.434782608695656
hzq0z5,35.051546391752574,34.02061855670103,30.927835051546392
j3oozc,22.0,51.0,27.0
jyvf0w,35.714285714285715,36.734693877551024,27.55102040816326
i354x7,34.34343434343434,50.505050505050505,15.151515151515152
l2l0eg,36.0,34.0,30.0
l527g8,37.0,34.0,28.999999999999996
m6aqep,27.0,44.0,28.999999999999996
kgtisu,42.0,33.0,25.0
fh0lk0,16.129032258064516,30.107526881720432,53.76344086021505
i19sjg,57.89473684210527,25.263157894736842,16.842105263157894
kpvbec,45.26315789473684,26.31578947368421,28.421052631578945
ik7x2d,41.0,39.0,20.0
fbbisx,30.208333333333332,38.54166666666667,31.25
hryxb8,51.02040816326531,28.57142857142857,20.408163265306122
9v57rh,26.0,37.0,37.0
aofry1,20.0,36.84210526315789,43.15789473684211
lcp7g1,26.0,41.0,33.0
makyks,24.489795918367346,35.714285714285715,39.795918367346935
ivr5er,29.896907216494846,37.11340206185567,32.98969072164948
kv4286,32.22222222222222,46.666666666666664,21.11111111111111
t11uq0,40.0,34.0,26.0
it877p,44.21052631578947,44.21052631578947,11.578947368421053
qqt9x7,28.57142857142857,40.816326530612244,30.612244897959183
i15yhy,58.76288659793815,21.649484536082475,19.587628865979383
tgnjzt,30.526315789473685,36.84210526315789,32.631578947368425
jpxe19,29.896907216494846,36.08247422680412,34.02061855670103
htep4y,39.58333333333333,38.54166666666667,21.875
l5byxr,33.0,34.0,33.0
f9vbua,18.88888888888889,34.44444444444444,46.666666666666664
v6xo6q,21.0,37.0,42.0
gzbqve,38.144329896907216,37.11340206185567,24.742268041237114
fxgs1c,31.57894736842105,34.73684210526316,33.68421052631579
tqxa6i,34.73684210526316,40.0,25.263157894736842
g2izpf,27.835051546391753,52.57731958762887,19.587628865979383
e2hot0,34.04255319148936,45.744680851063826,20.212765957446805
k048pi,10.0,42.0,48.0
aa2aq9,34.0,44.0,22.0
fot3pr,32.0,39.0,28.999999999999996
fvg6l4,29.292929292929294,38.38383838383838,32.323232323232325
mj839d,25.263157894736842,40.0,34.73684210526316
hopbah,40.0,33.0,27.0
jhw78f,31.63265306122449,23.46938775510204,44.89795918367347
jfa3o0,40.625,40.625,18.75
huq7n7,28.26086956521739,42.391304347826086,29.347826086956523
jy0nxd,23.0,54.0,23.0
l288p9,41.41414141414141,40.4040404040404,18.181818181818183
grmgqa,33.0,37.0,30.0
dwwz1p,27.55102040816326,27.55102040816326,44.89795918367347
kwp7xw,20.0,54.736842105263165,25.263157894736842
fre0xp,43.0,26.0,31.0
ilbzv1,33.33333333333333,54.44444444444444,12.222222222222221
j2dwzu,50.0,25.510204081632654,24.489795918367346
l7zbdn,26.041666666666668,27.083333333333332,46.875
l28yqi,23.0,32.0,45.0
jiuwq3,52.63157894736842,17.894736842105264,29.47368421052631
jvz1cq,45.0,27.0,28.000000000000004
jaah4t,44.329896907216494,32.98969072164948,22.68041237113402
jp257j,18.556701030927837,41.23711340206185,40.20618556701031
j8qjyv,35.0,28.999999999999996,36.0
v0qyfq,54.0,31.0,15.0
iown63,43.61702127659575,37.234042553191486,19.148936170212767
hmdo0m,40.0,45.26315789473684,14.736842105263156
kvgg3y,20.43010752688172,22.58064516129032,56.98924731182796
krolyx,19.587628865979383,40.20618556701031,40.20618556701031
gc9fng,27.058823529411764,37.64705882352941,35.294117647058826
miirt7,32.0,30.0,38.0
m0hlp6,31.63265306122449,36.734693877551024,31.63265306122449
mv25o4,35.0,41.0,24.0
lg9yyr,41.05263157894737,41.05263157894737,17.894736842105264
jhjdxl,34.0,34.0,32.0
sbof7n,20.0,53.0,27.0
d3bwrf,24.0,35.0,41.0
kfkcpc,37.0,41.0,22.0
gy4g9w,40.0,34.44444444444444,25.555555555555554
m2zp9w,35.1063829787234,41.48936170212766,23.404255319148938
gw3sbz,28.723404255319153,30.851063829787233,40.42553191489361
kv46c1,35.0,41.0,24.0
hply5k,27.835051546391753,34.02061855670103,38.144329896907216
f81paj,10.1010101010101,42.42424242424242,47.474747474747474
jm06lg,43.29896907216495,32.98969072164948,23.711340206185564
jsi48r,29.591836734693878,41.83673469387755,28.57142857142857
o4t9ny,28.57142857142857,37.755102040816325,33.6734693877551
epkzlg,41.0,35.0,24.0
f1eqc4,23.232323232323232,44.44444444444444,32.323232323232325
afd0eh,28.999999999999996,41.0,30.0
l41451,32.29166666666667,29.166666666666668,38.54166666666667
su3zob,13.0,40.0,47.0
uq4prt,28.28282828282828,41.41414141414141,30.303030303030305
jn0dc2,21.052631578947366,46.31578947368421,32.631578947368425
faay53,43.15789473684211,37.89473684210527,18.947368421052634
aibyha,39.58333333333333,37.5,22.916666666666664
l7ps56,28.999999999999996,39.0,32.0
jogx8r,40.816326530612244,34.69387755102041,24.489795918367346
ewgd28,37.5,38.54166666666667,23.958333333333336
jtv6y3,30.208333333333332,38.54166666666667,31.25
kozwsy,18.367346938775512,48.97959183673469,32.6530612244898
d5katc,25.773195876288657,35.051546391752574,39.175257731958766
fllkz6,32.6530612244898,47.95918367346938,19.387755102040817
cugs62,35.0,37.0,28.000000000000004
j5tigl,32.29166666666667,38.54166666666667,29.166666666666668
jpv6k0,26.0,44.0,30.0
hqnroy,42.22222222222222,42.22222222222222,15.555555555555555
ugrn2a,29.292929292929294,27.27272727272727,43.43434343434344
j9eduo,56.99999999999999,26.0,17.0
iethar,33.33333333333333,36.55913978494624,30.107526881720432
hw14fa,44.79166666666667,36.45833333333333,18.75
jrctnz,33.68421052631579,34.73684210526316,31.57894736842105
fzh78y,30.927835051546392,41.23711340206185,27.835051546391753
gv786w,49.48453608247423,37.11340206185567,13.402061855670103
fjqan5,15.0,38.0,47.0
fwp42m,44.0,30.0,26.0
l2xg5b,29.292929292929294,36.36363636363637,34.34343434343434
fo8d0d,22.58064516129032,48.38709677419355,29.03225806451613
ndui2i,46.0,39.0,15.0
p5fbv1,40.0,30.0,30.0
9s7qss,28.723404255319153,47.87234042553192,23.404255319148938
frx93e,22.448979591836736,53.06122448979592,24.489795918367346
nvhhx7,22.105263157894736,37.89473684210527,40.0
jmxoj8,25.0,45.0,30.0
l74rih,39.0,28.000000000000004,33.0
kn0plb,40.65934065934066,30.76923076923077,28.57142857142857
i3pdkk,38.144329896907216,34.02061855670103,27.835051546391753
krntg6,29.03225806451613,43.01075268817204,27.956989247311824
ecn5ac,18.556701030927837,34.02061855670103,47.42268041237113
ecm1zg,22.0,42.0,36.0
koijri,18.367346938775512,37.755102040816325,43.87755102040816
kirrzu,33.70786516853933,39.325842696629216,26.96629213483146
nr25ff,31.958762886597935,32.98969072164948,35.051546391752574
hv7c7u,33.0,47.0,20.0
m6zhfa,20.43010752688172,40.86021505376344,38.70967741935484
l77f9p,35.1063829787234,38.297872340425535,26.595744680851062
het1l1,25.263157894736842,29.47368421052631,45.26315789473684
s9fex3,33.33333333333333,43.01075268817204,23.655913978494624
il59k3,29.03225806451613,40.86021505376344,30.107526881720432
ki9g9h,34.02061855670103,42.2680412371134,23.711340206185564
l5ghxe,37.755102040816325,37.755102040816325,24.489795918367346
qksxyk,38.0,41.0,21.0
i2wh8l,33.33333333333333,32.29166666666667,34.375
j3xilg,14.14141414141414,42.42424242424242,43.43434343434344
g4wzsz,44.0,28.000000000000004,28.000000000000004
p0ohhf,45.36082474226804,32.98969072164948,21.649484536082475
kb29j5,47.95918367346938,30.612244897959183,21.428571428571427
k5v5ib,35.869565217391305,40.21739130434783,23.91304347826087
ifna3y,28.000000000000004,41.0,31.0
k5b2e6,17.045454545454543,38.63636363636363,44.31818181818182
jndk1i,25.0,42.0,33.0
kbhkpb,49.45054945054945,38.46153846153847,12.087912087912088
jjsj9k,30.927835051546392,38.144329896907216,30.927835051546392
j37b6t,42.35294117647059,42.35294117647059,15.294117647058824
ifx6sh,39.361702127659576,37.234042553191486,23.404255319148938
p3lkra,41.05263157894737,40.0,18.947368421052634
j6piiv,20.408163265306122,35.714285714285715,43.87755102040816
hqks52,47.42268041237113,31.958762886597935,20.618556701030926
lx26cz,42.42424242424242,30.303030303030305,27.27272727272727
minlvn,35.41666666666667,46.875,17.708333333333336
ldg759,13.131313131313133,39.39393939393939,47.474747474747474
jge8qq,30.526315789473685,44.21052631578947,25.263157894736842
kmcnj1,27.27272727272727,49.494949494949495,23.232323232323232
tdvvvy,24.731182795698924,38.70967741935484,36.55913978494624
knogcs,25.806451612903224,40.86021505376344,33.33333333333333
fqgyac,35.41666666666667,42.70833333333333,21.875
i9161a,23.157894736842106,50.526315789473685,26.31578947368421
hbo4a7,42.0,36.0,22.0
klr9cf,25.773195876288657,32.98969072164948,41.23711340206185
krx9lp,32.0,45.0,23.0
icuhra,37.37373737373738,39.39393939393939,23.232323232323232
itols1,49.0,30.0,21.0
k1gh9w,32.323232323232325,44.44444444444444,23.232323232323232
hnm5e0,34.0,38.0,28.000000000000004
f20xbu,22.105263157894736,45.26315789473684,32.631578947368425
pm6qem,39.39393939393939,39.39393939393939,21.21212121212121
l1ltfr,21.21212121212121,40.4040404040404,38.38383838383838
j8k55l,15.625,37.5,46.875
mqcqc7,30.612244897959183,47.95918367346938,21.428571428571427
ts3ftw,39.795918367346935,33.6734693877551,26.53061224489796
jtl1uc,56.84210526315789,29.47368421052631,13.684210526315791
t258q4,32.0,47.0,21.0
l2su91,38.775510204081634,32.6530612244898,28.57142857142857
rm3opa,25.510204081632654,43.87755102040816,30.612244897959183
r9dxoh,22.448979591836736,45.91836734693878,31.63265306122449
9ymbzc,24.0,62.0,14.000000000000002
ls3rhr,29.47368421052631,49.473684210526315,21.052631578947366
l72drt,31.182795698924732,43.01075268817204,25.806451612903224
ppjqtn,40.44943820224719,30.337078651685395,29.213483146067414
ft6sqw,31.0,48.0,21.0
oxrkqx,37.07865168539326,41.57303370786517,21.34831460674157
jp3a9q,42.10526315789473,36.84210526315789,21.052631578947366
jffu2y,33.69565217391305,32.608695652173914,33.69565217391305
lqfw0f,26.373626373626376,41.75824175824176,31.868131868131865
hmt0k1,36.734693877551024,35.714285714285715,27.55102040816326
jae0ka,42.857142857142854,27.55102040816326,29.591836734693878
etwqwb,34.34343434343434,38.38383838383838,27.27272727272727
jny3so,36.17021276595745,37.234042553191486,26.595744680851062
glpli6,41.0,39.0,20.0
a9ona8,28.000000000000004,35.0,37.0
ky5l2v,37.89473684210527,43.15789473684211,18.947368421052634
jq4lm6,16.842105263157894,38.94736842105263,44.21052631578947
fwiww9,23.711340206185564,41.23711340206185,35.051546391752574
ksnclo,27.659574468085108,51.06382978723404,21.27659574468085
kmimpu,37.234042553191486,39.361702127659576,23.404255319148938
fhpagm,43.0,41.0,16.0
mb1pps,35.0,41.0,24.0
dvjr7e,37.11340206185567,32.98969072164948,29.896907216494846
jo5c38,41.23711340206185,46.391752577319586,12.371134020618557
tewol7,16.129032258064516,54.83870967741935,29.03225806451613
nsbin9,19.0,56.99999999999999,24.0
j9y9er,38.38383838383838,40.4040404040404,21.21212121212121
jqylkr,22.916666666666664,44.79166666666667,32.29166666666667
k3arud,21.11111111111111,42.22222222222222,36.666666666666664
fj1tpz,39.130434782608695,39.130434782608695,21.73913043478261
j0a90g,28.999999999999996,34.0,37.0
gx76za,42.10526315789473,35.78947368421053,22.105263157894736
jrvx55,55.00000000000001,28.999999999999996,16.0
lenvxh,42.0,28.000000000000004,30.0
ii0276,51.02040816326531,30.612244897959183,18.367346938775512
lccv9r,36.0,30.0,34.0
t3gr68,27.835051546391753,39.175257731958766,32.98969072164948
mgdtyu,37.37373737373738,32.323232323232325,30.303030303030305
i4ulnr,46.0,35.0,19.0
kqc4ce,46.464646464646464,33.33333333333333,20.2020202020202
hc75r4,26.262626262626267,30.303030303030305,43.43434343434344
ll5yep,30.927835051546392,47.42268041237113,21.649484536082475
ku285s,17.17171717171717,35.35353535353536,47.474747474747474
jz4ewx,41.0,31.0,28.000000000000004
i9je2p,51.041666666666664,34.375,14.583333333333334
fmen9d,18.556701030927837,47.42268041237113,34.02061855670103
jb24i0,49.473684210526315,29.47368421052631,21.052631578947366
ekdzaq,37.5,41.66666666666667,20.833333333333336
pzu1pw,37.37373737373738,42.42424242424242,20.2020202020202
ksupjk,31.25,47.91666666666667,20.833333333333336
i71z41,37.11340206185567,41.23711340206185,21.649484536082475
jxv4xn,22.0,49.0,28.999999999999996
hkhh63,23.076923076923077,32.967032967032964,43.956043956043956
i8g0he,47.95918367346938,36.734693877551024,15.306122448979592
joau06,17.17171717171717,38.38383838383838,44.44444444444444
fuuy7v,28.28282828282828,39.39393939393939,32.323232323232325
fnu41d,18.0,40.0,42.0
7ekkmo,42.857142857142854,31.63265306122449,25.510204081632654
flxtih,21.0,37.0,42.0
kvs8m3,52.04081632653062,34.69387755102041,13.26530612244898
agabcf,34.40860215053764,40.86021505376344,24.731182795698924
fvdvdo,40.625,36.45833333333333,22.916666666666664
j586te,41.83673469387755,32.6530612244898,25.510204081632654
apuh2g,19.387755102040817,31.63265306122449,48.97959183673469
sbywpi,25.0,39.0,36.0
gsvg7o,24.489795918367346,29.591836734693878,45.91836734693878
j0qcrw,18.556701030927837,52.57731958762887,28.865979381443296
fsafqe,24.742268041237114,43.29896907216495,31.958762886597935
j2k27s,43.29896907216495,30.927835051546392,25.773195876288657
5so4db,24.46808510638298,51.06382978723404,24.46808510638298
ip47ff,32.323232323232325,31.313131313131315,36.36363636363637
kryb96,29.292929292929294,50.505050505050505,20.2020202020202
lab0il,44.0,30.0,26.0
k93qz4,41.83673469387755,42.857142857142854,15.306122448979592
j1lyi4,24.0,43.0,33.0
l1ynt4,35.16483516483517,42.857142857142854,21.978021978021978
k6x2ve,23.157894736842106,32.631578947368425,44.21052631578947
s7qcz1,22.0,39.0,39.0
ksf46h,35.869565217391305,39.130434782608695,25.0
ithijd,33.68421052631579,46.31578947368421,20.0
j3e0n8,38.775510204081634,36.734693877551024,24.489795918367346
gz4wnk,31.182795698924732,45.16129032258064,23.655913978494624
kyhe9m,38.0,44.0,18.0
gvztax,42.0,38.0,20.0
gry8w6,33.6734693877551,41.83673469387755,24.489795918367346
acdf42,20.43010752688172,36.55913978494624,43.01075268817204
jsnapd,26.31578947368421,35.78947368421053,37.89473684210527
k9elxf,34.0,35.0,31.0
ffcwb5,37.89473684210527,40.0,22.105263157894736
q4l60r,21.649484536082475,41.23711340206185,37.11340206185567
l4zleg,43.43434343434344,38.38383838383838,18.181818181818183
spdw28,22.22222222222222,46.464646464646464,31.313131313131315
k41srd,27.0,32.0,41.0
jov6vv,21.428571428571427,46.93877551020408,31.63265306122449
kuhh8y,22.58064516129032,41.935483870967744,35.483870967741936
krcpec,24.489795918367346,51.02040816326531,24.489795918367346
luehib,43.01075268817204,33.33333333333333,23.655913978494624
asac31,15.0,47.0,38.0
my8frh,52.0,30.0,18.0
musafo,22.727272727272727,50.0,27.27272727272727
ksg7cu,32.25806451612903,48.38709677419355,19.35483870967742
g6rex1,39.58333333333333,29.166666666666668,31.25
erxx8y,25.806451612903224,44.086021505376344,30.107526881720432
jn9dgp,24.489795918367346,46.93877551020408,28.57142857142857
jpw40g,35.0,41.0,24.0
kolz9e,13.0,45.0,42.0
laetgj,25.252525252525253,42.42424242424242,32.323232323232325
tj966t,45.36082474226804,36.08247422680412,18.556701030927837
ho4w32,25.510204081632654,41.83673469387755,32.6530612244898
ksdl4m,39.175257731958766,36.08247422680412,24.742268041237114
jfyqgz,51.02040816326531,34.69387755102041,14.285714285714285
e9ho3a,34.0,47.0,19.0
fi6sm4,43.87755102040816,38.775510204081634,17.346938775510203
iu3y8q,28.28282828282828,29.292929292929294,42.42424242424242
hrds7s,39.0,26.0,35.0
fw1a0k,30.208333333333332,45.83333333333333,23.958333333333336
7p0ge0,29.347826086956523,33.69565217391305,36.95652173913043
axbw4z,19.19191919191919,40.4040404040404,40.4040404040404
jp71e2,32.631578947368425,40.0,27.368421052631582
js6003,41.83673469387755,36.734693877551024,21.428571428571427
lrkzw5,29.591836734693878,42.857142857142854,27.55102040816326
ia6x8h,35.0,45.0,20.0
jqciss,15.053763440860216,37.634408602150536,47.31182795698925
m4vpu7,39.0,35.0,26.0
t0hamt,32.0,39.0,28.999999999999996
l2n9ut,56.81818181818182,35.22727272727273,7.954545454545454
i2d4fi,34.0,44.0,22.0
j2dtbo,46.875,32.29166666666667,20.833333333333336
kxb8q3,36.17021276595745,40.42553191489361,23.404255319148938
tbcz32,22.105263157894736,46.31578947368421,31.57894736842105
kw19jk,28.421052631578945,33.68421052631579,37.89473684210527
mmajr7,27.835051546391753,36.08247422680412,36.08247422680412
l26icr,24.210526315789473,36.84210526315789,38.94736842105263
i8xfbv,33.33333333333333,44.79166666666667,21.875
iz72u9,18.681318681318682,50.54945054945055,30.76923076923077
nntj06,46.0,41.0,13.0
r6o4m9,26.0,26.0,48.0
gvitb6,48.484848484848484,34.34343434343434,17.17171717171717
ik3c0z,46.391752577319586,32.98969072164948,20.618556701030926
l48v42,28.421052631578945,29.47368421052631,42.10526315789473
bzenag,26.041666666666668,43.75,30.208333333333332
k7jpdd,42.5531914893617,38.297872340425535,19.148936170212767
s32wcv,46.391752577319586,28.865979381443296,24.742268041237114
ajo5lj,28.999999999999996,46.0,25.0
hoag33,13.402061855670103,42.2680412371134,44.329896907216494
jtq9c5,35.051546391752574,45.36082474226804,19.587628865979383
pk7p9i,35.35353535353536,43.43434343434344,21.21212121212121
h7rimi,33.33333333333333,34.40860215053764,32.25806451612903
k0ilo4,17.0,49.0,34.0
rxqvwi,25.0,44.0,31.0
m7xyy7,28.723404255319153,44.680851063829785,26.595744680851062
goow8f,12.0,30.0,57.99999999999999
hjha9u,29.47368421052631,38.94736842105263,31.57894736842105
hk668g,35.1063829787234,37.234042553191486,27.659574468085108
l1902k,24.489795918367346,37.755102040816325,37.755102040816325
m8ie1i,41.48936170212766,29.78723404255319,28.723404255319153
j0zphm,34.0,45.0,21.0
gvf3is,50.0,39.795918367346935,10.204081632653061
jrqplx,33.33333333333333,44.79166666666667,21.875
kpuf1l,44.0,31.0,25.0
jblj2j,13.043478260869565,44.565217391304344,42.391304347826086
icnzmz,35.35353535353536,48.484848484848484,16.161616161616163
t932v7,34.34343434343434,48.484848484848484,17.17171717171717
l1n9l2,28.26086956521739,39.130434782608695,32.608695652173914
t2blwr,48.484848484848484,28.28282828282828,23.232323232323232
jontvz,37.11340206185567,35.051546391752574,27.835051546391753
kz9f2i,23.0,51.0,26.0
jm46mu,23.0,37.0,40.0
i80gfi,40.0,33.0,27.0
iyd304,39.58333333333333,33.33333333333333,27.083333333333332
gw4exy,25.842696629213485,46.06741573033708,28.08988764044944
h7nccu,28.000000000000004,40.0,32.0
kiwvyy,40.20618556701031,26.804123711340207,32.98969072164948
gwo8s1,59.0,21.0,20.0
hd05dq,26.262626262626267,35.35353535353536,38.38383838383838
ll8xxl,47.368421052631575,32.631578947368425,20.0
n5cj6l,28.28282828282828,34.34343434343434,37.37373737373738
kfs6j9,37.0,38.0,25.0
kjjsng,33.0,33.0,34.0
lcuhnp,41.0,36.0,23.0
jo30ra,18.085106382978726,31.914893617021278,50.0
h08aor,42.5531914893617,45.744680851063826,11.702127659574469
ix8ma7,37.755102040816325,37.755102040816325,24.489795918367346
fqn42e,38.54166666666667,38.54166666666667,22.916666666666664
k2vqbg,33.33333333333333,30.208333333333332,36.45833333333333
gwqlrq,28.999999999999996,42.0,28.999999999999996
g1bqy1,27.835051546391753,47.42268041237113,24.742268041237114
ntrz08,25.0,33.0,42.0
dpckgv,30.0,43.0,27.0
uy6hnl,43.01075268817204,31.182795698924732,25.806451612903224
gtdxzq,49.473684210526315,37.89473684210527,12.631578947368421
9uq8jc,18.556701030927837,38.144329896907216,43.29896907216495
fjoawo,28.000000000000004,36.0,36.0
ezxd7e,31.313131313131315,47.474747474747474,21.21212121212121
mau1l3,16.666666666666664,30.208333333333332,53.125
jwe6gl,34.375,43.75,21.875
gzmkig,53.608247422680414,30.927835051546392,15.463917525773196
lq5eho,24.742268041237114,42.2680412371134,32.98969072164948
k6q42y,23.958333333333336,37.5,38.54166666666667
j19bla,32.6530612244898,48.97959183673469,18.367346938775512
krr0fk,35.714285714285715,31.63265306122449,32.6530612244898
ks475d,46.875,41.66666666666667,11.458333333333332
kaeyg1,13.829787234042554,56.38297872340425,29.78723404255319
e0bc6q,35.714285714285715,44.89795918367347,19.387755102040817
jpwcoy,41.0,42.0,17.0
haxj2m,28.125,41.66666666666667,30.208333333333332
ou0rk8,37.0,35.0,28.000000000000004
ivhbrj,31.0,27.0,42.0
l3izxt,16.0,36.0,48.0
g9sz84,32.98969072164948,50.51546391752577,16.49484536082474
i01dej,33.6734693877551,45.91836734693878,20.408163265306122
hb4itb,39.0,34.0,27.0
g2dv38,25.0,47.0,28.000000000000004
l0x7sy,43.0,28.999999999999996,28.000000000000004
ghx0k5,46.31578947368421,37.89473684210527,15.789473684210526
kvh7lt,39.0,50.0,11.0
t2suj2,32.25806451612903,33.33333333333333,34.40860215053764
lt5lhs,37.5,38.54166666666667,23.958333333333336
l5knoq,39.175257731958766,25.773195876288657,35.051546391752574
hdqw14,28.865979381443296,40.20618556701031,30.927835051546392
k68seg,17.0,35.0,48.0
jpqdiv,14.14141414141414,56.56565656565656,29.292929292929294
m6gi5h,42.5287356321839,40.229885057471265,17.24137931034483
l06tox,44.44444444444444,34.34343434343434,21.21212121212121
gy0h8z,24.0,38.0,38.0
f19x5q,27.368421052631582,34.73684210526316,37.89473684210527
kcatn3,39.0,36.0,25.0
hvx1w3,26.041666666666668,47.91666666666667,26.041666666666668
lh5cki,18.6046511627907,40.69767441860465,40.69767441860465
mx79ne,60.86956521739131,23.91304347826087,15.217391304347828
n23k5m,26.53061224489796,53.06122448979592,20.408163265306122
dr1012,41.935483870967744,32.25806451612903,25.806451612903224
uqcn33,57.57575757575758,32.323232323232325,10.1010101010101
ge4blp,41.83673469387755,42.857142857142854,15.306122448979592
l4uk8i,20.0,41.05263157894737,38.94736842105263
l1c1kw,56.00000000000001,28.000000000000004,16.0
fp9y6x,35.35353535353536,31.313131313131315,33.33333333333333
jqkc5l,43.87755102040816,34.69387755102041,21.428571428571427
k7ao34,33.33333333333333,37.37373737373738,29.292929292929294
kxdo5m,40.0,44.21052631578947,15.789473684210526
ei5x58,22.22222222222222,35.35353535353536,42.42424242424242
dwti6n,42.0,31.0,27.0
kshynb,38.94736842105263,45.26315789473684,15.789473684210526
k9wafq,42.0,35.0,23.0
jkah57,33.33333333333333,45.83333333333333,20.833333333333336
hx0t02,55.78947368421052,31.57894736842105,12.631578947368421
l4q71x,44.44444444444444,35.35353535353536,20.2020202020202
kwv2yp,32.97872340425532,43.61702127659575,23.404255319148938
jn3d87,56.12244897959183,30.612244897959183,13.26530612244898
k2dgn2,38.0,32.0,30.0
kunswe,38.04347826086957,41.30434782608695,20.652173913043477
jo0uzt,52.04081632653062,37.755102040816325,10.204081632653061
jmm91k,36.734693877551024,35.714285714285715,27.55102040816326
hi05d7,38.38383838383838,38.38383838383838,23.232323232323232
j7pwgm,34.34343434343434,32.323232323232325,33.33333333333333
ef0shq,8.0,45.0,47.0
n7rntq,36.36363636363637,38.38383838383838,25.252525252525253
ipocg2,35.78947368421053,46.31578947368421,17.894736842105264
jzr4dw,30.0,39.0,31.0
njafhi,50.0,34.0,16.0
p190o4,40.0,40.0,20.0
dejfnt,33.0,43.0,24.0
coxp57,41.05263157894737,37.89473684210527,21.052631578947366
hhe2pw,51.546391752577314,28.865979381443296,19.587628865979383
gptgsw,60.0,21.0,19.0
a45167,35.41666666666667,43.75,20.833333333333336
fcamef,27.659574468085108,39.361702127659576,32.97872340425532
mdm92z,34.34343434343434,40.4040404040404,25.252525252525253
jqf9cn,12.0,34.0,54.0
lhtzhr,43.0,24.0,33.0
jq25zu,20.833333333333336,44.79166666666667,34.375
j4m8yc,44.0,32.0,24.0
lh1qgm,29.03225806451613,46.236559139784944,24.731182795698924
ksua63,35.0,43.0,22.0
i9pzvb,39.39393939393939,35.35353535353536,25.252525252525253
pghh91,27.083333333333332,43.75,29.166666666666668
fset91,26.041666666666668,36.45833333333333,37.5
j4ylpi,28.000000000000004,40.0,32.0
qhkr8f,30.612244897959183,38.775510204081634,30.612244897959183
l2zx3q,31.0,46.0,23.0
lb9ys1,32.323232323232325,35.35353535353536,32.323232323232325
uxn8wu,47.0,28.999999999999996,24.0
iacncr,15.789473684210526,40.0,44.21052631578947
kobwea,21.649484536082475,32.98969072164948,45.36082474226804
jrjfp1,44.680851063829785,31.914893617021278,23.404255319148938
l6mf3z,37.0,45.0,18.0
l7tt4h,56.00000000000001,22.0,22.0
j7nb81,47.87234042553192,37.234042553191486,14.893617021276595
7976xc,27.0,46.0,27.0
ka1jt8,29.591836734693878,34.69387755102041,35.714285714285715
ldmthg,34.69387755102041,30.612244897959183,34.69387755102041
6bkcss,27.0,46.0,27.0
io8rh9,42.2680412371134,39.175257731958766,18.556701030927837
iml9ha,39.795918367346935,26.53061224489796,33.6734693877551
fmlth3,47.91666666666667,40.625,11.458333333333332
mgsr6e,31.0,43.0,26.0
gri84y,30.208333333333332,42.70833333333333,27.083333333333332
jj86yk,35.1063829787234,43.61702127659575,21.27659574468085
gb0dss,27.27272727272727,39.39393939393939,33.33333333333333
l0u5dd,37.5,43.75,18.75
l67htr,18.085106382978726,60.63829787234043,21.27659574468085
kl8779,20.0,38.0,42.0
a8nmov,26.31578947368421,43.15789473684211,30.526315789473685
j23lg2,22.58064516129032,45.16129032258064,32.25806451612903
o19td4,37.5,27.083333333333332,35.41666666666667
l7blgc,25.510204081632654,48.97959183673469,25.510204081632654
smpjpo,44.0,39.0,17.0
gs756d,50.505050505050505,39.39393939393939,10.1010101010101
jcuufh,31.313131313131315,35.35353535353536,33.33333333333333
ut7h3d,49.0,33.0,18.0
qhapqw,21.052631578947366,27.368421052631582,51.578947368421055
kxtuwh,25.263157894736842,44.21052631578947,30.526315789473685
g7c29n,35.051546391752574,47.42268041237113,17.525773195876287
m5qcf3,24.742268041237114,50.51546391752577,24.742268041237114
jkecm3,37.0,38.0,25.0
91o8lt,36.0,37.0,27.0
gyonyd,34.69387755102041,34.69387755102041,30.612244897959183
ay5zm0,51.0,34.0,15.0
iiftea,27.368421052631582,34.73684210526316,37.89473684210527
kuje46,30.107526881720432,43.01075268817204,26.881720430107524
jwkn5l,34.69387755102041,32.6530612244898,32.6530612244898
i556pe,45.45454545454545,26.262626262626267,28.28282828282828
jsvdrl,47.42268041237113,35.051546391752574,17.525773195876287
giie6o,46.0,36.0,18.0
kec2g4,37.11340206185567,37.11340206185567,25.773195876288657
m8ng1f,39.0,30.0,31.0
ksd8nk,43.29896907216495,37.11340206185567,19.587628865979383
ji30j1,21.428571428571427,33.6734693877551,44.89795918367347
i5ynth,27.173913043478258,38.04347826086957,34.78260869565217
j7bgq2,24.242424242424242,48.484848484848484,27.27272727272727
jsw6ea,38.94736842105263,42.10526315789473,18.947368421052634
n0j9uw,37.37373737373738,35.35353535353536,27.27272727272727
kkvjmj,32.0,41.0,27.0
i5fixi,51.06382978723404,24.46808510638298,24.46808510638298
djajel,18.0,30.0,52.0
ihpcce,46.464646464646464,36.36363636363637,17.17171717171717
si00o5,60.416666666666664,29.166666666666668,10.416666666666668
hixfhq,28.999999999999996,40.0,31.0
