g2fsok,23.232323232323232,55.55555555555556,21.21212121212121
7dd654,34.375,19.791666666666664,45.83333333333333
tbwvqu,42.04545454545455,35.22727272727273,22.727272727272727
7938a0,17.391304347826086,64.13043478260869,18.478260869565215
t3jcsh,25.53191489361702,40.42553191489361,34.04255319148936
nh2z5c,50.526315789473685,43.15789473684211,6.315789473684211
fo8xhk,22.448979591836736,41.83673469387755,35.714285714285715
hj8ku0,11.956521739130435,30.434782608695656,57.608695652173914
qc6ihy,13.333333333333334,61.111111111111114,25.555555555555554
ascx8p,38.54166666666667,34.375,27.083333333333332
872qbi,31.868131868131865,45.05494505494506,23.076923076923077
kaupi6,42.42424242424242,31.313131313131315,26.262626262626267
t2zl82,17.708333333333336,40.625,41.66666666666667
l75gil,21.875,43.75,34.375
ekwlgd,48.421052631578945,33.68421052631579,17.894736842105264
i9l4nq,49.0,32.0,19.0
pweqem,30.526315789473685,49.473684210526315,20.0
i65se9,13.402061855670103,57.73195876288659,28.865979381443296
dwpjuz,25.773195876288657,49.48453608247423,24.742268041237114
sy5ikm,31.313131313131315,47.474747474747474,21.21212121212121
lv91jh,27.27272727272727,42.42424242424242,30.303030303030305
fquwh8,32.608695652173914,36.95652173913043,30.434782608695656
n56z40,30.927835051546392,34.02061855670103,35.051546391752574
kioahd,44.89795918367347,34.69387755102041,20.408163265306122
cxwxao,29.78723404255319,42.5531914893617,27.659574468085108
fo031l,41.83673469387755,44.89795918367347,13.26530612244898
jogqsv,21.73913043478261,53.2608695652174,25.0
fh80mi,31.521739130434785,42.391304347826086,26.08695652173913
94chba,49.45054945054945,38.46153846153847,12.087912087912088
f0sv87,27.472527472527474,38.46153846153847,34.065934065934066
gvo5fm,42.5287356321839,32.18390804597701,25.287356321839084
7hrpl4,28.723404255319153,38.297872340425535,32.97872340425532
afqoun,34.73684210526316,44.21052631578947,21.052631578947366
rvzeqh,20.224719101123593,38.20224719101123,41.57303370786517
mi0pat,19.54022988505747,40.229885057471265,40.229885057471265
fli5zw,19.565217391304348,46.73913043478261,33.69565217391305
hhxtkp,38.297872340425535,38.297872340425535,23.404255319148938
9vw2w3,41.66666666666667,34.375,23.958333333333336
fhf9sy,41.66666666666667,36.45833333333333,21.875
dgu6vi,39.325842696629216,39.325842696629216,21.34831460674157
cpd6oi,31.521739130434785,35.869565217391305,32.608695652173914
7em7xi,25.0,34.78260869565217,40.21739130434783
dk2gtj,56.70103092783505,29.896907216494846,13.402061855670103
7inb21,15.555555555555555,56.666666666666664,27.77777777777778
tb53cr,21.73913043478261,39.130434782608695,39.130434782608695
tfi6a7,24.137931034482758,49.42528735632184,26.436781609195403
66m4c1,14.000000000000002,40.0,46.0
fn1o0e,30.76923076923077,41.75824175824176,27.472527472527474
bnfjzw,19.78021978021978,47.25274725274725,32.967032967032964
d84sov,23.157894736842106,46.31578947368421,30.526315789473685
6e5dtp,35.63218390804598,39.08045977011494,25.287356321839084
h85ctp,34.831460674157306,41.57303370786517,23.595505617977526
t50ryc,27.173913043478258,38.04347826086957,34.78260869565217
6qn7mi,11.0,34.0,55.00000000000001
lhvrt5,37.755102040816325,43.87755102040816,18.367346938775512
f1ou8y,46.391752577319586,37.11340206185567,16.49484536082474
iaqjin,16.0,34.0,50.0
aygrww,29.545454545454547,36.36363636363637,34.090909090909086
ak7nq1,18.88888888888889,42.22222222222222,38.88888888888889
l7xe41,34.40860215053764,37.634408602150536,27.956989247311824
lrhsmc,45.26315789473684,36.84210526315789,17.894736842105264
pgib0d,23.655913978494624,52.68817204301075,23.655913978494624
thqfxe,32.25806451612903,40.86021505376344,26.881720430107524
jt5uc6,23.91304347826087,40.21739130434783,35.869565217391305
fw4zhx,32.97872340425532,36.17021276595745,30.851063829787233
jnia76,22.916666666666664,42.70833333333333,34.375
g32w1m,26.595744680851062,28.723404255319153,44.680851063829785
99n6ru,48.86363636363637,36.36363636363637,14.772727272727273
69soje,19.35483870967742,47.31182795698925,33.33333333333333
f790ov,29.47368421052631,37.89473684210527,32.631578947368425
fl7xp1,35.63218390804598,39.08045977011494,25.287356321839084
hz9kmm,43.75,27.083333333333332,29.166666666666668
4dgynt,18.681318681318682,54.94505494505495,26.373626373626376
7g4za4,17.20430107526882,40.86021505376344,41.935483870967744
au3doa,28.57142857142857,46.15384615384615,25.274725274725274
gx710a,42.42424242424242,42.42424242424242,15.151515151515152
kjhsxz,33.33333333333333,47.91666666666667,18.75
u13kxl,29.67032967032967,37.362637362637365,32.967032967032964
e21ex7,31.3953488372093,44.18604651162791,24.418604651162788
dm4eh7,23.91304347826087,43.47826086956522,32.608695652173914
fgzvgq,25.263157894736842,51.578947368421055,23.157894736842106
lic2ki,43.87755102040816,33.6734693877551,22.448979591836736
alqlir,24.242424242424242,24.242424242424242,51.515151515151516
mw8d2j,26.595744680851062,51.06382978723404,22.340425531914892
t7fgls,42.391304347826086,44.565217391304344,13.043478260869565
fjlc4w,27.956989247311824,36.55913978494624,35.483870967741936
up7ys0,35.714285714285715,46.93877551020408,17.346938775510203
bcphzm,29.591836734693878,28.57142857142857,41.83673469387755
bpg7pm,24.0,28.000000000000004,48.0
8yvx49,35.051546391752574,44.329896907216494,20.618556701030926
t1txwx,39.175257731958766,34.02061855670103,26.804123711340207
t6zde3,14.000000000000002,31.0,55.00000000000001
5exz2e,26.881720430107524,47.31182795698925,25.806451612903224
t56xof,22.988505747126435,42.5287356321839,34.48275862068966
fhmpsi,18.27956989247312,45.16129032258064,36.55913978494624
t4xai4,42.391304347826086,29.347826086956523,28.26086956521739
gnw528,19.791666666666664,55.208333333333336,25.0
l0gyd0,26.881720430107524,35.483870967741936,37.634408602150536
eaxdgq,31.958762886597935,35.051546391752574,32.98969072164948
6bc195,25.0,35.41666666666667,39.58333333333333
n7j9qh,23.595505617977526,48.31460674157304,28.08988764044944
8bo4l5,16.091954022988507,49.42528735632184,34.48275862068966
e3d4z1,47.368421052631575,40.0,12.631578947368421
em2dso,41.11111111111111,34.44444444444444,24.444444444444443
6bq6im,46.15384615384615,35.16483516483517,18.681318681318682
t0ttcq,39.58333333333333,31.25,29.166666666666668
7szefa,29.03225806451613,40.86021505376344,30.107526881720432
f13x7o,41.48936170212766,37.234042553191486,21.27659574468085
5ppzs5,12.5,45.83333333333333,41.66666666666667
7majjy,27.173913043478258,45.65217391304348,27.173913043478258
i8ob2v,32.0,42.0,26.0
uwz6so,38.88888888888889,41.11111111111111,20.0
jbtsg6,22.105263157894736,44.21052631578947,33.68421052631579
jcaygd,26.136363636363637,54.54545454545454,19.318181818181817
f5ee45,33.33333333333333,46.875,19.791666666666664
haxj8a,39.58333333333333,35.41666666666667,25.0
fpj9km,31.57894736842105,47.368421052631575,21.052631578947366
dq7dlq,22.82608695652174,45.65217391304348,31.521739130434785
eggsbg,23.711340206185564,49.48453608247423,26.804123711340207
g4ygra,20.454545454545457,57.95454545454546,21.59090909090909
m6b2wr,50.0,38.88888888888889,11.11111111111111
7r0vsk,12.222222222222221,41.11111111111111,46.666666666666664
hp815o,32.323232323232325,38.38383838383838,29.292929292929294
gimfu2,39.130434782608695,43.47826086956522,17.391304347826086
t3jzfh,42.22222222222222,26.666666666666668,31.11111111111111
bmtt1s,43.82022471910113,30.337078651685395,25.842696629213485
phdzrk,21.50537634408602,38.70967741935484,39.784946236559136
ggfpst,37.755102040816325,48.97959183673469,13.26530612244898
9o25t9,48.421052631578945,31.57894736842105,20.0
drfnas,32.608695652173914,45.65217391304348,21.73913043478261
52vb5h,15.730337078651685,66.29213483146067,17.97752808988764
kirrqs,14.583333333333334,41.66666666666667,43.75
a7mz9n,20.87912087912088,37.362637362637365,41.75824175824176
ljtf3w,39.39393939393939,40.4040404040404,20.2020202020202
dysr68,32.18390804597701,40.229885057471265,27.586206896551722
9q4fy8,34.375,31.25,34.375
79650a,27.659574468085108,42.5531914893617,29.78723404255319
agccop,27.472527472527474,45.05494505494506,27.472527472527474
fx63w7,27.173913043478258,54.347826086956516,18.478260869565215
7xqok2,7.368421052631578,55.78947368421052,36.84210526315789
i4qq5t,25.555555555555554,47.77777777777778,26.666666666666668
7afzk6,28.865979381443296,47.42268041237113,23.711340206185564
tmcz64,53.76344086021505,35.483870967741936,10.75268817204301
e2fuat,26.262626262626267,48.484848484848484,25.252525252525253
jpswwo,25.0,40.21739130434783,34.78260869565217
qx067g,15.384615384615385,46.15384615384615,38.46153846153847
7eb01h,11.11111111111111,53.333333333333336,35.55555555555556
ikg009,38.144329896907216,29.896907216494846,31.958762886597935
eufsow,36.734693877551024,38.775510204081634,24.489795918367346
hq0klo,35.41666666666667,42.70833333333333,21.875
pjkb15,29.896907216494846,41.23711340206185,28.865979381443296
lt40r6,29.166666666666668,40.625,30.208333333333332
aqvr3z,27.380952380952383,47.61904761904761,25.0
hsunvz,37.634408602150536,35.483870967741936,26.881720430107524
htr0hw,33.33333333333333,41.37931034482759,25.287356321839084
ty1lrn,30.434782608695656,39.130434782608695,30.434782608695656
emuizo,28.723404255319153,36.17021276595745,35.1063829787234
k0j2lh,29.03225806451613,40.86021505376344,30.107526881720432
fi91qc,22.58064516129032,53.76344086021505,23.655913978494624
t81a5w,30.434782608695656,45.65217391304348,23.91304347826087
mnerwn,28.421052631578945,43.15789473684211,28.421052631578945
mgw4xs,9.67741935483871,41.935483870967744,48.38709677419355
juov51,40.816326530612244,31.63265306122449,27.55102040816326
ifsd3u,28.235294117647058,50.588235294117645,21.176470588235293
furx8f,27.956989247311824,52.68817204301075,19.35483870967742
ajo3wy,33.68421052631579,38.94736842105263,27.368421052631582
akpjy6,38.095238095238095,39.285714285714285,22.61904761904762
d8xbuu,36.45833333333333,42.70833333333333,20.833333333333336
c72jrc,35.16483516483517,36.26373626373626,28.57142857142857
bqg4y2,17.0,53.0,30.0
i5h10u,40.625,34.375,25.0
t0zq2u,37.37373737373738,45.45454545454545,17.17171717171717
djltkn,44.21052631578947,44.21052631578947,11.578947368421053
hd4s2k,31.0,42.0,27.0
egvrh7,31.46067415730337,43.82022471910113,24.719101123595504
7jo201,52.083333333333336,30.208333333333332,17.708333333333336
s3lz9g,31.958762886597935,41.23711340206185,26.804123711340207
a0bn37,31.958762886597935,46.391752577319586,21.649484536082475
fsgzya,19.791666666666664,46.875,33.33333333333333
uojg6r,34.48275862068966,40.229885057471265,25.287356321839084
8rifxy,18.556701030927837,50.51546391752577,30.927835051546392
h8bvkk,56.70103092783505,35.051546391752574,8.24742268041237
8w9op8,18.556701030927837,45.36082474226804,36.08247422680412
dek3kl,15.384615384615385,48.35164835164835,36.26373626373626
npr4cs,31.0,41.0,28.000000000000004
ithn1p,36.0,49.0,15.0
gx2edo,39.784946236559136,40.86021505376344,19.35483870967742
t0prhs,25.0,49.0,26.0
kzx08x,22.340425531914892,52.12765957446809,25.53191489361702
bt76fy,23.333333333333332,41.11111111111111,35.55555555555556
lb16ak,47.42268041237113,39.175257731958766,13.402061855670103
t0epur,38.70967741935484,38.70967741935484,22.58064516129032
gfv3sl,43.15789473684211,45.26315789473684,11.578947368421053
cqxxwv,31.46067415730337,29.213483146067414,39.325842696629216
nkanu7,28.915662650602407,55.42168674698795,15.66265060240964
6elkk1,30.107526881720432,40.86021505376344,29.03225806451613
7ahail,31.521739130434785,46.73913043478261,21.73913043478261
uqtl9z,29.166666666666668,44.79166666666667,26.041666666666668
t6im57,40.0,43.333333333333336,16.666666666666664
73o7an,29.411764705882355,44.70588235294118,25.882352941176475
g76y7b,32.97872340425532,45.744680851063826,21.27659574468085
hp1dgo,17.17171717171717,49.494949494949495,33.33333333333333
t79ydq,43.01075268817204,37.634408602150536,19.35483870967742
7i8eqt,44.9438202247191,29.213483146067414,25.842696629213485
ntre3z,35.0,27.0,38.0
e0nifp,43.67816091954023,32.18390804597701,24.137931034482758
jtt5o2,15.625,34.375,50.0
7ug4pb,34.831460674157306,38.20224719101123,26.96629213483146
czgx5l,51.546391752577314,30.927835051546392,17.525773195876287
b2rrqr,25.510204081632654,27.55102040816326,46.93877551020408
hr40sh,33.33333333333333,41.41414141414141,25.252525252525253
ew627r,40.42553191489361,39.361702127659576,20.212765957446805
asw5xt,25.53191489361702,36.17021276595745,38.297872340425535
7x1h1q,16.666666666666664,38.88888888888889,44.44444444444444
iq75st,47.31182795698925,32.25806451612903,20.43010752688172
klluo8,35.41666666666667,45.83333333333333,18.75
tqhhna,33.33333333333333,37.37373737373738,29.292929292929294
hsfkjw,42.69662921348314,38.20224719101123,19.101123595505616
ba9tyq,17.708333333333336,55.208333333333336,27.083333333333332
b2ykut,32.608695652173914,36.95652173913043,30.434782608695656
t0xxj4,45.55555555555556,35.55555555555556,18.88888888888889
7v1fsd,10.309278350515463,59.79381443298969,29.896907216494846
m5ejh9,10.989010989010989,45.05494505494506,43.956043956043956
ga2bps,11.458333333333332,40.625,47.91666666666667
dff5pq,33.69565217391305,45.65217391304348,20.652173913043477
drx01p,43.47826086956522,30.434782608695656,26.08695652173913
6x6op1,18.181818181818183,36.36363636363637,45.45454545454545
jnyh30,47.87234042553192,34.04255319148936,18.085106382978726
6espsc,26.666666666666668,46.666666666666664,26.666666666666668
7zja76,18.181818181818183,53.40909090909091,28.40909090909091
tl502n,41.30434782608695,42.391304347826086,16.304347826086957
ienamx,33.69565217391305,40.21739130434783,26.08695652173913
e970b3,39.56043956043956,42.857142857142854,17.582417582417584
h78f4w,21.11111111111111,58.88888888888889,20.0
5upxl5,14.444444444444443,30.0,55.55555555555556
t4l397,25.555555555555554,35.55555555555556,38.88888888888889
fjjo5b,36.666666666666664,34.44444444444444,28.888888888888886
slvbca,23.958333333333336,31.25,44.79166666666667
rm9ooa,37.755102040816325,45.91836734693878,16.3265306122449
72mkka,27.956989247311824,40.86021505376344,31.182795698924732
dwtguc,37.634408602150536,33.33333333333333,29.03225806451613
f8dbdx,36.84210526315789,41.05263157894737,22.105263157894736
l5rq2r,30.612244897959183,43.87755102040816,25.510204081632654
bn01ab,31.914893617021278,38.297872340425535,29.78723404255319
l3lq3s,34.065934065934066,34.065934065934066,31.868131868131865
gdn11i,17.02127659574468,36.17021276595745,46.808510638297875
lq0joi,17.97752808988764,49.43820224719101,32.58426966292135
kp57s7,26.373626373626376,32.967032967032964,40.65934065934066
fpfsmo,20.618556701030926,60.824742268041234,18.556701030927837
td6alh,42.5531914893617,43.61702127659575,13.829787234042554
hpd2vn,32.608695652173914,39.130434782608695,28.26086956521739
t0fhd3,23.711340206185564,31.958762886597935,44.329896907216494
g95jat,20.212765957446805,43.61702127659575,36.17021276595745
dg1mao,22.58064516129032,39.784946236559136,37.634408602150536
u2fhtj,26.31578947368421,33.68421052631579,40.0
md9gco,17.582417582417584,51.64835164835166,30.76923076923077
ml9dnx,33.33333333333333,33.33333333333333,33.33333333333333
lcl03r,53.40909090909091,32.95454545454545,13.636363636363635
4ckbod,23.157894736842106,52.63157894736842,24.210526315789473
lwrjfg,40.21739130434783,40.21739130434783,19.565217391304348
geu0ad,17.391304347826086,25.0,57.608695652173914
8yel9n,29.47368421052631,46.31578947368421,24.210526315789473
cpklnb,29.67032967032967,42.857142857142854,27.472527472527474
isndcz,46.0,34.0,20.0
pfmo96,6.8181818181818175,47.72727272727273,45.45454545454545
ibb3hx,29.03225806451613,44.086021505376344,26.881720430107524
kgzc56,38.144329896907216,48.45360824742268,13.402061855670103
9lgdaf,13.829787234042554,53.191489361702125,32.97872340425532
s3uq20,34.04255319148936,39.361702127659576,26.595744680851062
mxo8eu,24.46808510638298,44.680851063829785,30.851063829787233
e2op5y,23.076923076923077,35.16483516483517,41.75824175824176
gy0ppc,56.25,31.25,12.5
c26f87,37.5,41.25,21.25
hqbp84,14.130434782608695,35.869565217391305,50.0
fjtu3a,14.000000000000002,43.0,43.0
g1sxow,29.347826086956523,46.73913043478261,23.91304347826087
fj1umv,21.34831460674157,53.93258426966292,24.719101123595504
frre0t,38.04347826086957,39.130434782608695,22.82608695652174
t278df,27.659574468085108,36.17021276595745,36.17021276595745
fin0bj,30.526315789473685,47.368421052631575,22.105263157894736
d26227,35.78947368421053,37.89473684210527,26.31578947368421
7k7zd7,15.957446808510639,47.87234042553192,36.17021276595745
tww01g,31.914893617021278,40.42553191489361,27.659574468085108
6ixdqt,21.50537634408602,44.086021505376344,34.40860215053764
eclwg9,21.978021978021978,45.05494505494506,32.967032967032964
9ld0fa,25.263157894736842,38.94736842105263,35.78947368421053
mekqt8,32.631578947368425,34.73684210526316,32.631578947368425
q2hra4,25.263157894736842,34.73684210526316,40.0
t9mav2,32.58426966292135,40.44943820224719,26.96629213483146
tgaiuk,32.58426966292135,42.69662921348314,24.719101123595504
abyhlf,17.582417582417584,38.46153846153847,43.956043956043956
ssflwo,26.31578947368421,48.421052631578945,25.263157894736842
ftkaah,34.831460674157306,48.31460674157304,16.853932584269664
84d4gz,31.521739130434785,38.04347826086957,30.434782608695656
t4pnl8,34.831460674157306,42.69662921348314,22.47191011235955
cknu22,37.11340206185567,36.08247422680412,26.804123711340207
t49vc0,54.54545454545454,31.818181818181817,13.636363636363635
gu8gki,46.391752577319586,37.11340206185567,16.49484536082474
t5oowk,46.73913043478261,38.04347826086957,15.217391304347828
78ih3b,14.432989690721648,55.670103092783506,29.896907216494846
g5iyot,8.080808080808081,38.38383838383838,53.535353535353536
fo5er3,15.0,32.0,53.0
dcnkbs,37.362637362637365,45.05494505494506,17.582417582417584
grm90j,31.11111111111111,34.44444444444444,34.44444444444444
7706d2,29.545454545454547,45.45454545454545,25.0
nf9h5i,9.090909090909092,36.36363636363637,54.54545454545454
fubxup,39.784946236559136,43.01075268817204,17.20430107526882
gsywy3,36.55913978494624,38.70967741935484,24.731182795698924
t2rd8x,27.173913043478258,45.65217391304348,27.173913043478258
fhhyot,20.212765957446805,58.51063829787234,21.27659574468085
kquqp3,26.96629213483146,55.0561797752809,17.97752808988764
tf0yl6,33.33333333333333,41.11111111111111,25.555555555555554
cbeeb1,33.72093023255814,32.55813953488372,33.72093023255814
dujvx3,49.46236559139785,33.33333333333333,17.20430107526882
j2izwn,20.689655172413794,50.57471264367817,28.735632183908045
lgc5z2,37.755102040816325,33.6734693877551,28.57142857142857
6x0vtv,16.483516483516482,45.05494505494506,38.46153846153847
fggiom,20.833333333333336,32.29166666666667,46.875
nrgv1s,23.91304347826087,40.21739130434783,35.869565217391305
cjf36x,58.76288659793815,24.742268041237114,16.49484536082474
rkm5j1,32.97872340425532,34.04255319148936,32.97872340425532
fqhre7,30.851063829787233,44.680851063829785,24.46808510638298
knoi6g,46.808510638297875,39.361702127659576,13.829787234042554
5qrck3,41.05263157894737,33.68421052631579,25.263157894736842
7czn23,29.347826086956523,40.21739130434783,30.434782608695656
t0k7zk,31.182795698924732,30.107526881720432,38.70967741935484
b18k24,52.04081632653062,30.612244897959183,17.346938775510203
kicmv2,8.0,28.000000000000004,64.0
fwc6f9,44.79166666666667,23.958333333333336,31.25
ro8ykb,14.432989690721648,39.175257731958766,46.391752577319586
ab3eyp,31.914893617021278,43.61702127659575,24.46808510638298
hjdbb3,27.27272727272727,47.72727272727273,25.0
ejy72c,19.0,22.0,59.0
aj42px,25.53191489361702,39.361702127659576,35.1063829787234
ub0f7j,21.052631578947366,24.210526315789473,54.736842105263165
u8v6ep,34.44444444444444,47.77777777777778,17.77777777777778
molk5p,26.08695652173913,47.82608695652174,26.08695652173913
e6hrgu,22.988505747126435,45.97701149425287,31.03448275862069
koxtr9,17.346938775510203,37.755102040816325,44.89795918367347
f0dhzy,23.456790123456788,37.03703703703704,39.50617283950617
dvz6z8,15.555555555555555,50.0,34.44444444444444
dbqgb0,38.94736842105263,44.21052631578947,16.842105263157894
9isz5d,13.829787234042554,40.42553191489361,45.744680851063826
t5ajwl,26.666666666666668,44.44444444444444,28.888888888888886
87bbio,20.652173913043477,47.82608695652174,31.521739130434785
uvy8bh,35.78947368421053,36.84210526315789,27.368421052631582
t2d2a9,41.37931034482759,39.08045977011494,19.54022988505747
gb6z2j,29.03225806451613,45.16129032258064,25.806451612903224
i0o73s,33.33333333333333,39.39393939393939,27.27272727272727
3ps1h9,39.784946236559136,37.634408602150536,22.58064516129032
fj8uqg,34.69387755102041,32.6530612244898,32.6530612244898
k8pwdj,45.0,32.0,23.0
8lr3nw,29.347826086956523,40.21739130434783,30.434782608695656
hcml03,35.051546391752574,38.144329896907216,26.804123711340207
ktxv9e,18.556701030927837,44.329896907216494,37.11340206185567
85lzn0,30.927835051546392,34.02061855670103,35.051546391752574
ezwr9r,36.45833333333333,38.54166666666667,25.0
g1zuzn,32.967032967032964,36.26373626373626,30.76923076923077
am74x5,26.0,48.0,26.0
dj7h1c,38.46153846153847,30.76923076923077,30.76923076923077
u60106,35.0,35.0,30.0
hmwhd7,26.08695652173913,47.82608695652174,26.08695652173913
dr09w3,10.465116279069768,45.348837209302324,44.18604651162791
93oyjf,33.33333333333333,41.11111111111111,25.555555555555554
es5ol6,24.444444444444443,41.11111111111111,34.44444444444444
fr5uqd,51.61290322580645,35.483870967741936,12.903225806451612
dd10o2,38.04347826086957,42.391304347826086,19.565217391304348
i7onn7,29.896907216494846,36.08247422680412,34.02061855670103
jai8xv,36.734693877551024,45.91836734693878,17.346938775510203
gtzv5f,48.45360824742268,32.98969072164948,18.556701030927837
boo2kb,29.347826086956523,42.391304347826086,28.26086956521739
fcw0ih,35.41666666666667,30.208333333333332,34.375
nnjw1i,35.35353535353536,40.4040404040404,24.242424242424242
its0v2,13.095238095238097,51.19047619047619,35.714285714285715
hrkdyo,35.55555555555556,38.88888888888889,25.555555555555554
kog24h,35.051546391752574,41.23711340206185,23.711340206185564
fsb0vs,11.224489795918368,40.816326530612244,47.95918367346938
gbkaoa,46.875,35.41666666666667,17.708333333333336
iwho4w,49.494949494949495,31.313131313131315,19.19191919191919
nl1vve,20.2020202020202,36.36363636363637,43.43434343434344
5nqbe3,27.027027027027028,41.891891891891895,31.08108108108108
tiu1fg,32.25806451612903,43.01075268817204,24.731182795698924
t079w7,36.26373626373626,37.362637362637365,26.373626373626376
cmett3,38.94736842105263,32.631578947368425,28.421052631578945
m5wv04,49.473684210526315,32.631578947368425,17.894736842105264
fjyyjf,24.46808510638298,45.744680851063826,29.78723404255319
78fsjr,21.59090909090909,44.31818181818182,34.090909090909086
u0go10,33.69565217391305,33.69565217391305,32.608695652173914
jvzl6f,21.50537634408602,35.483870967741936,43.01075268817204
8sckc6,34.78260869565217,41.30434782608695,23.91304347826087
ee5b95,27.586206896551722,54.02298850574713,18.39080459770115
eljp1u,45.0,35.0,20.0
7bczyy,13.186813186813188,46.15384615384615,40.65934065934066
ttb7ms,32.95454545454545,39.77272727272727,27.27272727272727
fmeplj,23.809523809523807,36.904761904761905,39.285714285714285
t5u29k,46.31578947368421,34.73684210526316,18.947368421052634
gvyvpo,48.31460674157304,31.46067415730337,20.224719101123593
9sisub,23.076923076923077,48.35164835164835,28.57142857142857
lkova5,19.587628865979383,61.855670103092784,18.556701030927837
6wmg4d,34.73684210526316,47.368421052631575,17.894736842105264
arngoz,40.86021505376344,41.935483870967744,17.20430107526882
kmef0u,19.19191919191919,55.55555555555556,25.252525252525253
e11xot,19.587628865979383,40.20618556701031,40.20618556701031
fqp5cr,36.17021276595745,45.744680851063826,18.085106382978726
ds0lrw,31.914893617021278,44.680851063829785,23.404255319148938
dowqzc,26.666666666666668,53.333333333333336,20.0
78dgb9,18.88888888888889,48.888888888888886,32.22222222222222
h0y6pm,25.0,46.73913043478261,28.26086956521739
aaww05,26.666666666666668,46.666666666666664,26.666666666666668
k8dyxc,25.263157894736842,46.31578947368421,28.421052631578945
lbwsze,32.98969072164948,49.48453608247423,17.525773195876287
ipcl9r,22.448979591836736,42.857142857142854,34.69387755102041
lccy63,41.41414141414141,42.42424242424242,16.161616161616163
69m457,42.69662921348314,40.44943820224719,16.853932584269664
c2y0hk,30.612244897959183,47.95918367346938,21.428571428571427
hnb8ft,47.91666666666667,36.45833333333333,15.625
9nz3fp,28.40909090909091,45.45454545454545,26.136363636363637
urjbc6,20.212765957446805,46.808510638297875,32.97872340425532
h7ghoc,29.67032967032967,49.45054945054945,20.87912087912088
exiq1f,33.33333333333333,38.54166666666667,28.125
dh16wp,33.68421052631579,40.0,26.31578947368421
hgjogs,35.1063829787234,34.04255319148936,30.851063829787233
7g8k5w,29.347826086956523,47.82608695652174,22.82608695652174
id3j9d,36.84210526315789,36.84210526315789,26.31578947368421
bibep1,24.719101123595504,46.06741573033708,29.213483146067414
du9552,25.806451612903224,50.53763440860215,23.655913978494624
hia0ui,25.53191489361702,53.191489361702125,21.27659574468085
at6hn0,34.04255319148936,35.1063829787234,30.851063829787233
9r4jnp,34.44444444444444,46.666666666666664,18.88888888888889
m4fcwa,26.744186046511626,53.48837209302325,19.767441860465116
dsp54h,41.30434782608695,41.30434782608695,17.391304347826086
7b7clr,36.45833333333333,44.79166666666667,18.75
gle82k,26.041666666666668,46.875,27.083333333333332
fnoq3f,26.041666666666668,54.166666666666664,19.791666666666664
d2s7ee,28.865979381443296,46.391752577319586,24.742268041237114
a4krtt,36.84210526315789,35.78947368421053,27.368421052631582
6du4z4,17.02127659574468,54.25531914893617,28.723404255319153
erfcm7,27.368421052631582,32.631578947368425,40.0
84mc2z,32.967032967032964,45.05494505494506,21.978021978021978
7e2cy5,32.608695652173914,33.69565217391305,33.69565217391305
5uuwo8,32.142857142857146,39.285714285714285,28.57142857142857
jhkui1,18.27956989247312,46.236559139784944,35.483870967741936
8a2bvz,30.434782608695656,41.30434782608695,28.26086956521739
82e95m,31.03448275862069,48.275862068965516,20.689655172413794
dgli9c,27.368421052631582,44.21052631578947,28.421052631578945
l1mzdj,20.87912087912088,39.56043956043956,39.56043956043956
mvt94f,34.34343434343434,41.41414141414141,24.242424242424242
cud6ho,20.652173913043477,44.565217391304344,34.78260869565217
hxnrfo,23.232323232323232,45.45454545454545,31.313131313131315
96oc2u,42.2680412371134,26.804123711340207,30.927835051546392
hzsn6d,35.22727272727273,38.63636363636363,26.136363636363637
3aitv7,22.89156626506024,44.57831325301205,32.53012048192771
e0ynof,24.719101123595504,38.20224719101123,37.07865168539326
83koyt,49.48453608247423,43.29896907216495,7.216494845360824
kn2jje,33.68421052631579,35.78947368421053,30.526315789473685
51qw0z,21.27659574468085,48.93617021276596,29.78723404255319
t60uei,30.434782608695656,32.608695652173914,36.95652173913043
t2ggfe,38.70967741935484,33.33333333333333,27.956989247311824
rxxgqz,26.582278481012654,49.36708860759494,24.050632911392405
ccednx,41.75824175824176,35.16483516483517,23.076923076923077
6rn9l8,38.04347826086957,42.391304347826086,19.565217391304348
8gu2mv,21.875,52.083333333333336,26.041666666666668
eyvc3r,46.808510638297875,31.914893617021278,21.27659574468085
uhlnho,31.0,43.0,26.0
g8xh3m,24.444444444444443,40.0,35.55555555555556
ncxt3q,38.70967741935484,48.38709677419355,12.903225806451612
a2gy1f,26.041666666666668,57.291666666666664,16.666666666666664
i8t9c4,17.0,30.0,53.0
cs2jj4,27.77777777777778,43.333333333333336,28.888888888888886
dlvsmy,34.73684210526316,45.26315789473684,20.0
5c0oxu,16.304347826086957,44.565217391304344,39.130434782608695
v6b4e0,42.42424242424242,33.33333333333333,24.242424242424242
gdy9cg,18.181818181818183,27.27272727272727,54.54545454545454
7j63tt,14.14141414141414,48.484848484848484,37.37373737373738
k4gzpm,34.73684210526316,41.05263157894737,24.210526315789473
i6h6kq,44.680851063829785,43.61702127659575,11.702127659574469
6owcyk,19.35483870967742,47.31182795698925,33.33333333333333
hrt1ha,36.0,41.0,23.0
daiysm,42.69662921348314,32.58426966292135,24.719101123595504
avynu6,37.89473684210527,29.47368421052631,32.631578947368425
hwbhtv,28.723404255319153,47.87234042553192,23.404255319148938
gybipe,35.1063829787234,39.361702127659576,25.53191489361702
hc2xnh,30.526315789473685,41.05263157894737,28.421052631578945
tf76tw,30.526315789473685,48.421052631578945,21.052631578947366
843vpd,32.967032967032964,51.64835164835166,15.384615384615385
9puxaw,25.287356321839084,54.02298850574713,20.689655172413794
i0ufzr,30.434782608695656,50.0,19.565217391304348
k05etb,17.346938775510203,33.6734693877551,48.97959183673469
t2a7zv,33.68421052631579,36.84210526315789,29.47368421052631
8c45ze,35.78947368421053,43.15789473684211,21.052631578947366
ksae8f,24.46808510638298,46.808510638297875,28.723404255319153
t8dwjp,25.555555555555554,46.666666666666664,27.77777777777778
6ktaxo,19.565217391304348,44.565217391304344,35.869565217391305
3mpgja,4.395604395604396,68.13186813186813,27.472527472527474
96ezug,23.157894736842106,47.368421052631575,29.47368421052631
6i09xl,25.806451612903224,43.01075268817204,31.182795698924732
gscbwg,32.25806451612903,43.01075268817204,24.731182795698924
pkeh21,13.541666666666666,48.95833333333333,37.5
g1ooe7,35.483870967741936,39.784946236559136,24.731182795698924
tdnnuf,31.63265306122449,44.89795918367347,23.46938775510204
87icwb,16.853932584269664,49.43820224719101,33.70786516853933
aoe4rx,34.44444444444444,42.22222222222222,23.333333333333332
d5vqkd,25.53191489361702,43.61702127659575,30.851063829787233
kxc65n,35.55555555555556,48.888888888888886,15.555555555555555
gtyn42,40.65934065934066,39.56043956043956,19.78021978021978
jh69fm,30.851063829787233,40.42553191489361,28.723404255319153
aeu81p,37.362637362637365,38.46153846153847,24.175824175824175
gujwuw,22.68041237113402,43.29896907216495,34.02061855670103
9dfjpf,14.285714285714285,34.69387755102041,51.02040816326531
dipby4,29.67032967032967,45.05494505494506,25.274725274725274
noh0xe,20.689655172413794,36.7816091954023,42.5287356321839
gak39x,18.947368421052634,46.31578947368421,34.73684210526316
jqw8tk,9.782608695652174,44.565217391304344,45.65217391304348
ig6ofk,23.46938775510204,34.69387755102041,41.83673469387755
aoilt0,21.0,44.0,35.0
ic2izd,38.54166666666667,34.375,27.083333333333332
g7cfcq,35.1063829787234,45.744680851063826,19.148936170212767
ergiwm,32.967032967032964,31.868131868131865,35.16483516483517
idn4qo,40.21739130434783,39.130434782608695,20.652173913043477
kt6r94,24.050632911392405,30.37974683544304,45.56962025316456
gwaiad,46.808510638297875,38.297872340425535,14.893617021276595
6cqdye,46.0,38.0,16.0
agmpvu,43.87755102040816,38.775510204081634,17.346938775510203
jjutnf,33.33333333333333,37.5,29.166666666666668
khubfr,45.45454545454545,32.95454545454545,21.59090909090909
3sphue,35.0,43.0,22.0
t1f287,21.73913043478261,38.04347826086957,40.21739130434783
76bl8k,34.48275862068966,40.229885057471265,25.287356321839084
hpw1qr,20.833333333333336,37.5,41.66666666666667
nxc9yz,26.08695652173913,46.73913043478261,27.173913043478258
g0n602,41.57303370786517,41.57303370786517,16.853932584269664
a6p4l0,30.526315789473685,40.0,29.47368421052631
laugq0,51.041666666666664,30.208333333333332,18.75
t4oj6r,36.17021276595745,39.361702127659576,24.46808510638298
l4us11,28.865979381443296,44.329896907216494,26.804123711340207
n4rp6l,49.494949494949495,34.34343434343434,16.161616161616163
5czmwu,18.823529411764707,48.23529411764706,32.94117647058823
63oied,25.263157894736842,43.15789473684211,31.57894736842105
jrf09o,5.434782608695652,57.608695652173914,36.95652173913043
jrkjvj,19.753086419753085,39.50617283950617,40.74074074074074
bh7tmy,28.04878048780488,39.02439024390244,32.926829268292686
m14ngw,36.84210526315789,40.0,23.157894736842106
ahm5e9,41.23711340206185,43.29896907216495,15.463917525773196
9bzfz5,28.57142857142857,29.591836734693878,41.83673469387755
t2n3sl,31.182795698924732,33.33333333333333,35.483870967741936
ezsdk5,48.35164835164835,36.26373626373626,15.384615384615385
dierlj,27.380952380952383,44.047619047619044,28.57142857142857
67ivae,19.101123595505616,31.46067415730337,49.43820224719101
inl6xb,22.68041237113402,40.20618556701031,37.11340206185567
tsarwx,65.95744680851064,24.46808510638298,9.574468085106384
a4oall,7.216494845360824,55.670103092783506,37.11340206185567
mo0vvc,22.0,36.0,42.0
j2q1v3,22.0,54.0,24.0
amqblc,28.723404255319153,35.1063829787234,36.17021276595745
khg9v4,30.851063829787233,43.61702127659575,25.53191489361702
jqbl8v,22.22222222222222,50.505050505050505,27.27272727272727
b5bvjs,22.22222222222222,45.45454545454545,32.323232323232325
l1d9p5,21.052631578947366,37.89473684210527,41.05263157894737
brt43t,31.914893617021278,47.87234042553192,20.212765957446805
iihuze,51.162790697674424,34.883720930232556,13.953488372093023
m6qg1c,9.195402298850574,40.229885057471265,50.57471264367817
jn77pm,27.659574468085108,44.680851063829785,27.659574468085108
9gyaai,24.210526315789473,36.84210526315789,38.94736842105263
hkqtzy,22.82608695652174,39.130434782608695,38.04347826086957
o1o1ei,51.21951219512195,29.268292682926827,19.51219512195122
lnu1vm,45.36082474226804,30.927835051546392,23.711340206185564
gfkc9d,28.000000000000004,40.0,32.0
7oza7e,30.208333333333332,43.75,26.041666666666668
a1c9ua,45.65217391304348,31.521739130434785,22.82608695652174
iibbnk,27.835051546391753,52.57731958762887,19.587628865979383
bo3qo3,44.680851063829785,35.1063829787234,20.212765957446805
ndo2cd,27.173913043478258,52.17391304347826,20.652173913043477
l64y8b,24.210526315789473,38.94736842105263,36.84210526315789
t35zaz,52.17391304347826,34.78260869565217,13.043478260869565
rhvu1h,24.489795918367346,47.95918367346938,27.55102040816326
axdh75,35.0,47.0,18.0
hvryoj,42.70833333333333,41.66666666666667,15.625
853lqd,31.868131868131865,36.26373626373626,31.868131868131865
ptaw9n,29.896907216494846,48.45360824742268,21.649484536082475
f4j895,17.441860465116278,61.627906976744185,20.930232558139537
af2hyz,38.297872340425535,39.361702127659576,22.340425531914892
ikt6ws,36.55913978494624,38.70967741935484,24.731182795698924
v7o930,33.33333333333333,31.313131313131315,35.35353535353536
78aay3,36.55913978494624,36.55913978494624,26.881720430107524
hmo4jy,23.91304347826087,45.65217391304348,30.434782608695656
8pbnlw,41.48936170212766,29.78723404255319,28.723404255319153
j6tvwr,31.57894736842105,48.421052631578945,20.0
pi2073,27.659574468085108,37.234042553191486,35.1063829787234
gcqjxh,41.41414141414141,38.38383838383838,20.2020202020202
gi63s8,30.208333333333332,55.208333333333336,14.583333333333334
901p5f,38.94736842105263,44.21052631578947,16.842105263157894
8f7l3h,18.0,31.0,51.0
hyefdd,29.47368421052631,49.473684210526315,21.052631578947366
h7tog8,43.29896907216495,40.20618556701031,16.49484536082474
jhbmpx,19.0,44.0,37.0
ko9zw3,16.842105263157894,38.94736842105263,44.21052631578947
n4k34x,14.285714285714285,43.956043956043956,41.75824175824176
c555x4,32.631578947368425,45.26315789473684,22.105263157894736
iv5sx7,25.510204081632654,46.93877551020408,27.55102040816326
sx5xuf,31.521739130434785,45.65217391304348,22.82608695652174
f08ufh,38.70967741935484,34.40860215053764,26.881720430107524
iiz60n,21.27659574468085,42.5531914893617,36.17021276595745
8cmonj,29.896907216494846,38.144329896907216,31.958762886597935
ivvmha,25.0,51.08695652173913,23.91304347826087
e30ya0,40.0,34.73684210526316,25.263157894736842
mjwltg,30.526315789473685,41.05263157894737,28.421052631578945
hl71qe,32.98969072164948,46.391752577319586,20.618556701030926
hagua6,18.0,43.0,39.0
ihosix,33.0,41.0,26.0
t24yr6,25.581395348837212,52.32558139534884,22.093023255813954
eln033,47.91666666666667,34.375,17.708333333333336
fbqvz2,36.7816091954023,41.37931034482759,21.839080459770116
gs7gqn,35.78947368421053,41.05263157894737,23.157894736842106
a2d7kw,32.608695652173914,44.565217391304344,22.82608695652174
9clcsx,38.20224719101123,47.19101123595505,14.606741573033707
uyvg2z,29.213483146067414,44.9438202247191,25.842696629213485
o1cpkh,22.58064516129032,53.76344086021505,23.655913978494624
bfl6il,46.0,43.0,11.0
th3vg7,28.57142857142857,41.75824175824176,29.67032967032967
gz4ucf,31.0,38.0,31.0
9mu554,32.98969072164948,44.329896907216494,22.68041237113402
7faxm6,27.586206896551722,45.97701149425287,26.436781609195403
kzbbfi,36.904761904761905,35.714285714285715,27.380952380952383
obomxw,15.555555555555555,52.22222222222223,32.22222222222222
8m07ar,44.680851063829785,39.361702127659576,15.957446808510639
djug36,25.842696629213485,40.44943820224719,33.70786516853933
inc7vo,35.051546391752574,39.175257731958766,25.773195876288657
e666e1,31.914893617021278,42.5531914893617,25.53191489361702
en6u75,14.000000000000002,35.0,51.0
gssuc7,16.3265306122449,38.775510204081634,44.89795918367347
jk6jav,43.0,49.0,8.0
6unuqk,18.27956989247312,64.51612903225806,17.20430107526882
94qcl0,42.391304347826086,36.95652173913043,20.652173913043477
61pa9g,11.702127659574469,56.38297872340425,31.914893617021278
8gfrax,25.0,51.13636363636363,23.863636363636363
6zhflc,27.956989247311824,45.16129032258064,26.881720430107524
8s2x77,23.157894736842106,42.10526315789473,34.73684210526316
b3kvkr,43.47826086956522,32.608695652173914,23.91304347826087
fdyxpu,30.0,44.44444444444444,25.555555555555554
tt3005,34.73684210526316,35.78947368421053,29.47368421052631
hk368x,27.173913043478258,43.47826086956522,29.347826086956523
s34fst,31.868131868131865,46.15384615384615,21.978021978021978
tq6his,20.87912087912088,43.956043956043956,35.16483516483517
mia3pt,23.404255319148938,50.0,26.595744680851062
7i4o84,13.541666666666666,38.54166666666667,47.91666666666667
6ilj92,21.875,46.875,31.25
d87wt1,44.21052631578947,33.68421052631579,22.105263157894736
iykuny,21.59090909090909,55.68181818181818,22.727272727272727
gxcnor,31.868131868131865,34.065934065934066,34.065934065934066
fu35l5,25.53191489361702,42.5531914893617,31.914893617021278
msrq6p,46.666666666666664,30.0,23.333333333333332
t2snbe,33.33333333333333,39.784946236559136,26.881720430107524
gyd67n,29.347826086956523,42.391304347826086,28.26086956521739
fu8nwx,12.631578947368421,53.68421052631579,33.68421052631579
g64jfl,22.916666666666664,46.875,30.208333333333332
r2uk37,11.956521739130435,63.04347826086957,25.0
jkd8dr,37.11340206185567,53.608247422680414,9.278350515463918
ey9nln,16.49484536082474,45.36082474226804,38.144329896907216
j6gmy0,18.556701030927837,44.329896907216494,37.11340206185567
hnh13d,41.48936170212766,42.5531914893617,15.957446808510639
dj2jro,21.34831460674157,41.57303370786517,37.07865168539326
hzz0w5,39.361702127659576,41.48936170212766,19.148936170212767
td9yf0,18.0,41.0,41.0
8w020u,24.46808510638298,46.808510638297875,28.723404255319153
io5xb1,28.26086956521739,53.2608695652174,18.478260869565215
elv5os,36.26373626373626,24.175824175824175,39.56043956043956
5h6wr2,35.483870967741936,34.40860215053764,30.107526881720432
87o0jw,13.829787234042554,45.744680851063826,40.42553191489361
ctdu99,37.234042553191486,39.361702127659576,23.404255319148938
hekcqf,10.869565217391305,52.17391304347826,36.95652173913043
t2wbni,30.76923076923077,40.65934065934066,28.57142857142857
cdljve,20.652173913043477,42.391304347826086,36.95652173913043
hwnu2o,22.340425531914892,30.851063829787233,46.808510638297875
hlrjkp,4.545454545454546,38.63636363636363,56.81818181818182
95vv1b,39.56043956043956,43.956043956043956,16.483516483516482
apvvbb,27.058823529411764,40.0,32.94117647058823
mlius1,22.22222222222222,50.0,27.77777777777778
cr33ew,26.595744680851062,46.808510638297875,26.595744680851062
gwmax9,39.361702127659576,44.680851063829785,15.957446808510639
p1t5ae,44.680851063829785,40.42553191489361,14.893617021276595
b0uwlu,33.69565217391305,38.04347826086957,28.26086956521739
dmbjas,16.129032258064516,51.61290322580645,32.25806451612903
l3umrc,27.55102040816326,40.816326530612244,31.63265306122449
e88alb,32.29166666666667,52.083333333333336,15.625
7jxsfb,14.444444444444443,56.666666666666664,28.888888888888886
